0 0.302849 0.575125 0.042342 0.045377
0 0.337786 0.606602 0.061602 0.091203
0 0.295673 0.604335 0.048385 0.086670
0 0.261301 0.570090 0.040072 0.041347
0 0.255257 0.591997 0.050650 0.057967
0 0.274521 0.629012 0.071803 0.110843
0 0.224664 0.626242 0.052162 0.106310
0 0.208611 0.587715 0.032143 0.058470
0 0.222587 0.573362 0.029120 0.043863
0 0.185571 0.570593 0.023078 0.042353
0 0.151390 0.572103 0.030255 0.043360
0 0.171030 0.586457 0.052915 0.056960
0 0.174051 0.611888 0.071047 0.081637
0 0.123817 0.577140 0.043095 0.044367
0 0.085859 0.574873 0.032898 0.040840
0 0.068671 0.606097 0.036297 0.072067
0 0.118907 0.612392 0.049140 0.076597
0 0.043365 0.630270 0.077845 0.084153
0 0.041289 0.579407 0.033653 0.064007
0 0.008448 0.580665 0.015485 0.071563
0 0.108331 0.658977 0.077088 0.124440
0 0.013571 0.712358 0.027142 0.103290
0 0.175940 0.660235 0.089175 0.133003
0 0.061540 0.688940 0.123080 0.178327
0 0.378013 0.592752 0.039320 0.079623
0 0.973060 0.612838 0.053880 0.096910
0 0.339864 0.576383 0.045363 0.048900
