0 0.761325 0.364300 0.130080 0.155313
0 0.561705 0.307660 0.076690 0.074693
0 0.626700 0.292430 0.080495 0.086300
0 0.700941 0.281190 0.090832 0.091373
0 0.789869 0.263418 0.104428 0.103697
0 0.168469 0.427680 0.063637 0.065267
0 0.203822 0.421877 0.069075 0.068167
0 0.241351 0.420063 0.067988 0.071793
0 0.283775 0.414263 0.076690 0.076147
0 0.331365 0.408823 0.080495 0.081220
0 0.379500 0.403023 0.077775 0.091373
0 0.434977 0.397222 0.086480 0.100077
0 0.501820 0.388473 0.090695 0.106967
0 0.575041 0.380012 0.099263 0.121470
0 0.660455 0.369135 0.113265 0.133557
0 0.035175 0.511447 0.068140 0.086780
0 0.063371 0.510925 0.072837 0.094090
0 0.099398 0.511970 0.069705 0.104533
0 0.141691 0.509358 0.077538 0.107663
0 0.180460 0.508837 0.084585 0.110800
0 0.229410 0.506748 0.085370 0.117063
0 0.286977 0.503615 0.100250 0.121243
0 0.342585 0.503092 0.100250 0.128550
0 0.414247 0.504138 0.107300 0.143170
0 0.495310 0.510925 0.117480 0.169277
0 0.595952 0.503615 0.130795 0.175543
0 0.725574 0.523452 0.169173 0.254897
0 0.040888 0.639893 0.081775 0.151527
0 0.084909 0.659212 0.109647 0.190163
0 0.138559 0.664433 0.119832 0.194340
0 0.205915 0.669133 0.122965 0.226713
0 0.278753 0.682185 0.141760 0.227757
0 0.371173 0.695240 0.157425 0.245507
0 0.498443 0.719260 0.187970 0.264307
0 0.655084 0.735967 0.234963 0.295633
0 0.027183 0.835748 0.054365 0.129490
0 0.068300 0.902210 0.136600 0.195580
0 0.131901 0.920432 0.247493 0.159137
0 0.316739 0.941318 0.202067 0.117363
0 0.404118 0.299967 0.056340 0.047887
0 0.443304 0.292203 0.058542 0.050820
0 0.486740 0.280662 0.064840 0.055437
0 0.532065 0.268912 0.063580 0.057957
0 0.620354 0.217292 0.060118 0.056277
0 0.583054 0.258210 0.067357 0.054180
0 0.672130 0.201973 0.062320 0.055860
0 0.640655 0.244570 0.071765 0.064673
0 0.749874 0.159377 0.059803 0.067187
0 0.730360 0.189803 0.065470 0.063413
0 0.703290 0.231140 0.075540 0.070547
0 0.806845 0.135037 0.064210 0.055440
0 0.792837 0.168610 0.084040 0.065513
0 0.775054 0.213515 0.086242 0.073903
0 0.861454 0.148045 0.085298 0.065510
0 0.942504 0.130210 0.086873 0.081040
0 0.855474 0.211835 0.092852 0.117550
0 0.943763 0.196518 0.092540 0.128043
0 0.189927 0.377817 0.051620 0.045787
0 0.218570 0.371102 0.053510 0.047463
0 0.249259 0.366695 0.054453 0.050403
0 0.283724 0.358930 0.058543 0.052500
0 0.321021 0.353475 0.060748 0.056697
0 0.360839 0.344243 0.062322 0.054180
0 0.405376 0.337737 0.070818 0.061313
0 0.454006 0.330182 0.073022 0.066350
0 0.502147 0.320350 0.071795 0.069620
