0 0.139918 0.735835 0.279837 0.308440
0 0.695298 0.888293 0.242737 0.223415
0 0.626175 0.719319 0.168790 0.186872
0 0.590810 0.595740 0.139853 0.135030
0 0.567657 0.514909 0.111633 0.101167
0 0.254385 0.456531 0.190223 0.139652
0 0.285865 0.392731 0.146017 0.106498
0 0.310067 0.344957 0.129207 0.081400
0 0.331882 0.309595 0.109823 0.067025
0 0.349377 0.283149 0.092060 0.057737
0 0.544863 0.410254 0.082793 0.069073
0 0.090805 0.229400 0.156337 0.139540
0 0.138935 0.210746 0.127263 0.118708
0 0.554167 0.453860 0.099540 0.082330
0 0.175112 0.200814 0.105303 0.113377
0 0.867948 0.706080 0.159077 0.149310
0 0.807945 0.619564 0.119077 0.124192
0 0.536492 0.373972 0.077210 0.057910
0 0.760538 0.550682 0.096903 0.095450
0 0.728883 0.500536 0.087860 0.089152
0 0.699488 0.458382 0.079463 0.074615
0 0.677523 0.427616 0.066540 0.076067
0 0.662988 0.388855 0.060723 0.047000
0 0.189415 0.551475 0.255863 0.180845
