0 0.457173 0.118796 0.123767 0.102977
0 0.450890 0.197118 0.147940 0.110230
0 0.443153 0.309884 0.169213 0.147212
0 0.448955 0.445894 0.229163 0.174118
0 0.436385 0.631145 0.246563 0.222635
0 0.456207 0.057155 0.106360 0.098625
0 0.830407 0.557538 0.183713 0.165345
0 0.782543 0.419751 0.142140 0.137787
0 0.751118 0.316774 0.133437 0.126183
0 0.718243 0.223949 0.112160 0.104428
0 0.696970 0.154692 0.100560 0.096450
0 0.681500 0.089064 0.090893 0.082673
0 0.924682 0.290666 0.113130 0.105878
0 0.888423 0.225399 0.100560 0.101528
0 0.861348 0.173910 0.108297 0.108780
0 0.835242 0.120609 0.085090 0.096453
0 0.943243 0.375515 0.113513 0.114580
