0 0.378598 0.488816 0.071803 0.034983
0 0.338732 0.492318 0.065750 0.032175
0 0.303760 0.494590 0.061087 0.031125
0 0.271118 0.496689 0.061083 0.029728
0 0.700348 0.541804 0.152017 0.103867
0 0.582140 0.541454 0.128233 0.094077
0 0.485617 0.542329 0.117973 0.087432
0 0.413805 0.538131 0.105850 0.074843
0 0.351090 0.538131 0.093260 0.066447
0 0.300728 0.536207 0.086730 0.059105
0 0.257128 0.536383 0.083470 0.056655
0 0.218660 0.535159 0.076473 0.052107
0 0.186485 0.535159 0.071810 0.050712
0 0.155708 0.534460 0.067150 0.045115
0 0.128430 0.535507 0.061087 0.044415
0 0.917905 0.428918 0.108617 0.078930
0 0.815475 0.442831 0.093997 0.077077
0 0.730585 0.447975 0.087477 0.069825
0 0.660348 0.453760 0.081603 0.063535
0 0.607697 0.711412 0.239487 0.251670
0 0.448270 0.664941 0.185187 0.175437
0 0.340760 0.646392 0.159140 0.141565
0 0.261190 0.631284 0.142353 0.125448
0 0.198407 0.622473 0.128253 0.115880
0 0.149725 0.612148 0.108777 0.103290
0 0.332170 0.918441 0.418873 0.163117
0 0.139108 0.881699 0.278217 0.235832
0 0.070650 0.793370 0.141300 0.151420
0 0.029837 0.730931 0.059673 0.089197
0 0.932943 0.484799 0.134113 0.117158
0 0.818322 0.491268 0.124037 0.108415
0 0.703378 0.478502 0.114243 0.065400
0 0.620612 0.482175 0.090463 0.057355
0 0.545070 0.481651 0.090460 0.046513
0 0.479788 0.482700 0.082070 0.036020
0 0.428728 0.486366 0.074143 0.034282
