0 0.518002 0.305947 0.049477 0.045465
0 0.317277 0.822920 0.354220 0.349625
0 0.396558 0.599862 0.225730 0.166665
0 0.437493 0.497105 0.167253 0.104010
0 0.465015 0.433569 0.116903 0.080122
0 0.479117 0.397560 0.100787 0.070555
0 0.488182 0.368604 0.088030 0.060988
0 0.495385 0.349315 0.081650 0.057355
0 0.505645 0.328330 0.062997 0.043365
0 0.511707 0.317839 0.060200 0.047563
0 0.868258 0.762984 0.263483 0.251642
0 0.773745 0.600541 0.186617 0.145763
0 0.716517 0.508681 0.134293 0.094678
0 0.691672 0.453285 0.111463 0.073525
0 0.666827 0.410730 0.091320 0.055900
0 0.650712 0.377491 0.075203 0.038777
0 0.642318 0.356089 0.065130 0.037268
0 0.132843 0.452630 0.265687 0.138490
0 0.208613 0.408565 0.204127 0.124895
0 0.270725 0.371550 0.157797 0.103240
0 0.311012 0.348888 0.121537 0.093165
0 0.943938 0.575510 0.112123 0.120360
0 0.903320 0.508279 0.134293 0.092663
0 0.847588 0.458925 0.103410 0.073525
0 0.811663 0.429465 0.101393 0.074030
