0 0.823683 0.127704 0.130267 0.123887
0 0.794810 0.123171 0.122207 0.118852
0 0.452727 0.352816 0.105393 0.065267
0 0.440638 0.402491 0.112163 0.083397
0 0.420818 0.481900 0.134403 0.108780
0 0.931987 0.167238 0.136027 0.155615
0 0.380377 0.281498 0.049113 0.035620
0 0.364860 0.299106 0.052620 0.038452
0 0.351773 0.321570 0.057747 0.044525
0 0.332073 0.350309 0.059367 0.050192
0 0.641277 0.219744 0.082187 0.084848
0 0.312105 0.382995 0.075557 0.056870
0 0.253398 0.479010 0.111910 0.085020
0 0.206302 0.552104 0.130563 0.106703
0 0.144050 0.665939 0.185120 0.161607
0 0.288138 0.426901 0.097457 0.071028
0 0.846263 0.539552 0.302647 0.314010
0 0.782447 0.392700 0.246567 0.188550
0 0.721532 0.329971 0.169210 0.158818
0 0.681403 0.277759 0.129567 0.119657
0 0.657230 0.244762 0.102493 0.095725
0 0.397128 0.626939 0.179850 0.219008
0 0.484952 0.211586 0.043850 0.028333
0 0.910163 0.137775 0.179673 0.148060
0 0.483717 0.225669 0.050820 0.032213
0 0.479443 0.242788 0.052620 0.038790
0 0.475058 0.260581 0.064090 0.040647
0 0.468312 0.284361 0.064090 0.048743
0 0.459493 0.314742 0.074453 0.057290
0 0.875387 0.135259 0.170553 0.140003
