0 0.319597 0.805823 0.054050 0.104247
0 0.748480 0.852405 0.065005 0.114823
0 0.672939 0.856938 0.065003 0.114823
0 0.622516 0.854673 0.060848 0.118347
0 0.580590 0.850895 0.065380 0.113817
0 0.528467 0.845858 0.066890 0.115830
0 0.486543 0.845103 0.062360 0.115327
0 0.447639 0.837298 0.066137 0.113817
0 0.402880 0.833522 0.068025 0.111297
0 0.029709 0.799275 0.057447 0.100217
0 0.067668 0.804815 0.063870 0.101223
0 0.107705 0.810355 0.063870 0.105257
0 0.147364 0.807333 0.057828 0.096187
0 0.194199 0.815392 0.057828 0.099210
0 0.279370 0.812622 0.059715 0.107770
0 0.239145 0.809600 0.052540 0.102733
0 0.348303 0.807585 0.061605 0.107770
0 0.147106 0.743097 0.039108 0.086733
0 0.105257 0.747468 0.040395 0.088130
0 0.395581 0.798235 0.050707 0.092330
0 0.959050 0.830752 0.057070 0.104750
0 0.893896 0.836542 0.058957 0.110290
0 0.823455 0.844600 0.063870 0.108273
