0 0.553067 0.539786 0.038347 0.026918
0 0.606903 0.504165 0.034300 0.024490
0 0.638610 0.505176 0.035647 0.026108
0 0.515558 0.598376 0.036190 0.030763
0 0.525678 0.577429 0.039157 0.027727
0 0.572497 0.562554 0.036727 0.034408
0 0.538213 0.558405 0.037780 0.024085
0 0.584910 0.540999 0.037267 0.026918
0 0.588673 0.523696 0.035620 0.029952
0 0.622002 0.523393 0.033190 0.030560
0 0.468742 0.926876 0.137143 0.146247
0 0.570997 0.925974 0.096240 0.148053
0 0.673253 0.931388 0.151580 0.137225
0 0.828442 0.926876 0.163610 0.146247
0 0.664637 0.470266 0.032653 0.023072
0 0.656555 0.488379 0.035917 0.024892
