0 0.347778 0.292519 0.052690 0.040567
0 0.786313 0.396364 0.249467 0.201678
0 0.853513 0.550105 0.292973 0.313355
0 0.450718 0.275131 0.067763 0.056277
0 0.447362 0.309334 0.075597 0.065933
0 0.440927 0.355288 0.087347 0.078940
0 0.438250 0.420149 0.118833 0.109283
0 0.428520 0.505005 0.149067 0.133960
0 0.409383 0.644251 0.153767 0.214033
0 0.357337 0.270660 0.045700 0.038820
0 0.334950 0.318574 0.055967 0.048613
0 0.320737 0.350749 0.063873 0.054208
0 0.303013 0.390267 0.068547 0.062600
0 0.281563 0.437130 0.085333 0.077990
0 0.255450 0.496584 0.096527 0.090577
0 0.218380 0.576671 0.121240 0.112962
0 0.165687 0.693829 0.147353 0.157027
0 0.597530 0.159280 0.072520 0.080575
0 0.610960 0.176655 0.079233 0.090145
0 0.628755 0.197554 0.096023 0.098708
0 0.651585 0.223741 0.116163 0.110792
0 0.678445 0.262266 0.136310 0.134463
0 0.720075 0.319930 0.176597 0.170220
