0 0.534890 0.646353 0.165125 0.241053
0 0.371173 0.324778 0.064360 0.051370
0 0.313610 0.319340 0.076145 0.067080
0 0.236558 0.314807 0.094275 0.077353
0 0.556776 0.381888 0.057563 0.050763
0 0.515531 0.380677 0.060283 0.056807
0 0.472246 0.383095 0.070708 0.071310
0 0.416044 0.377958 0.080678 0.075543
0 0.347150 0.381585 0.094275 0.098503
0 0.259900 0.381583 0.121015 0.115427
0 0.929756 0.617635 0.097247 0.105297
0 0.919641 0.654620 0.124007 0.125313
0 0.908545 0.715972 0.148810 0.173177
0 0.890923 0.806910 0.182750 0.241927
0 0.851431 0.888227 0.268237 0.223547
0 0.631811 0.445328 0.069183 0.080930
0 0.591673 0.451855 0.072445 0.092243
0 0.546311 0.463603 0.082237 0.115740
0 0.487245 0.467085 0.103775 0.124443
0 0.407291 0.484925 0.125312 0.154903
0 0.292421 0.500153 0.172307 0.187100
0 0.747009 0.533222 0.080278 0.131403
0 0.715354 0.550192 0.090067 0.144457
0 0.675215 0.574995 0.103775 0.174917
0 0.618431 0.605452 0.129882 0.202763
0 0.396197 0.731635 0.246710 0.350703
