0 0.332248 0.812225 0.335523 0.350995
0 0.398482 0.570011 0.208857 0.178398
0 0.427973 0.454342 0.159540 0.125460
0 0.446345 0.378197 0.120863 0.095000
0 0.459397 0.327071 0.102493 0.069618
0 0.470972 0.288286 0.086783 0.052942
0 0.476638 0.263271 0.074157 0.048572
0 0.481497 0.240928 0.068327 0.040315
0 0.108060 0.394079 0.216120 0.197978
0 0.741477 0.321231 0.062487 0.055608
0 0.762925 0.346061 0.071810 0.059103
0 0.790205 0.381734 0.075077 0.073793
0 0.827510 0.422651 0.092793 0.087783
0 0.147468 0.325911 0.241730 0.154467
0 0.211768 0.279136 0.184683 0.123282
0 0.259632 0.256655 0.146970 0.118930
0 0.296373 0.233449 0.125700 0.110227
0 0.854773 0.731656 0.242700 0.230612
0 0.761948 0.572477 0.159543 0.151565
0 0.716020 0.477476 0.125700 0.110952
0 0.675410 0.407495 0.100560 0.081220
0 0.654620 0.357095 0.080253 0.057290
0 0.638198 0.320135 0.067223 0.049835
0 0.929958 0.539285 0.140083 0.114710
0 0.876005 0.477034 0.122637 0.107018
