0 0.574841 0.470862 0.072823 0.137797
0 0.547805 0.486268 0.084160 0.144190
0 0.510740 0.513595 0.102475 0.170937
0 0.457107 0.558842 0.132620 0.222037
0 0.376859 0.612592 0.187628 0.277297
0 0.247478 0.725082 0.267395 0.413737
0 0.549412 0.271450 0.035430 0.054107
0 0.531696 0.267010 0.039367 0.055720
0 0.511710 0.264788 0.041790 0.063390
0 0.489150 0.258125 0.047545 0.064603
0 0.462501 0.254088 0.053598 0.074290
0 0.434036 0.247225 0.057232 0.078330
0 0.400574 0.242178 0.067228 0.087617
0 0.358481 0.234305 0.071467 0.097710
0 0.310181 0.223200 0.088123 0.111033
0 0.247498 0.212703 0.105080 0.132840
0 0.074768 0.178180 0.149535 0.188960
0 0.166795 0.205435 0.128395 0.174023
0 0.602254 0.339283 0.035732 0.074293
0 0.585599 0.343725 0.038763 0.083983
0 0.567279 0.344935 0.046333 0.091250
0 0.545625 0.342657 0.045785 0.095353
0 0.522949 0.351090 0.057998 0.114540
0 0.491117 0.351670 0.063230 0.120353
0 0.455143 0.353705 0.071515 0.134890
0 0.410881 0.359518 0.083287 0.154657
0 0.354191 0.368822 0.103348 0.184890
0 0.279625 0.369985 0.137360 0.211637
0 0.175187 0.379868 0.184020 0.254663
0 0.069934 0.395858 0.139868 0.314550
0 0.662928 0.415917 0.038810 0.084887
0 0.651370 0.423767 0.045350 0.093607
0 0.636981 0.430743 0.047968 0.098260
0 0.621283 0.440918 0.053200 0.105817
0 0.600134 0.452257 0.060613 0.114540
