0 0.468255 0.491178 0.033880 0.036917
0 0.407054 0.514978 0.045902 0.062657
0 0.434194 0.519350 0.042257 0.059260
0 0.457418 0.521778 0.037705 0.051490
0 0.478546 0.524207 0.034063 0.047600
0 0.500496 0.527728 0.035337 0.042990
0 0.352409 0.473327 0.047357 0.073587
0 0.380732 0.476120 0.042075 0.061200
0 0.406871 0.477578 0.040438 0.050030
0 0.429549 0.483163 0.038067 0.044200
0 0.586835 0.634953 0.038980 0.077233
0 0.469439 0.565008 0.043897 0.058290
0 0.495669 0.564280 0.042077 0.048087
0 0.284175 0.485622 0.070820 0.078897
0 0.352790 0.554867 0.070190 0.075540
0 0.302273 0.549622 0.074910 0.083517
0 0.248764 0.545633 0.086873 0.101560
0 0.174955 0.566408 0.101035 0.147303
0 0.439347 0.655378 0.075225 0.124643
0 0.393866 0.661463 0.078687 0.137653
0 0.344764 0.666500 0.079947 0.156120
0 0.269222 0.667548 0.101980 0.155697
0 0.517073 0.564037 0.038980 0.040800
0 0.537199 0.564888 0.036612 0.038130
0 0.554868 0.569380 0.032970 0.039827
0 0.571170 0.571688 0.031330 0.041043
0 0.450678 0.488385 0.035520 0.041530
0 0.586288 0.573023 0.029145 0.039347
0 0.232240 0.475760 0.075855 0.083513
0 0.176214 0.414067 0.073337 0.076800
0 0.226889 0.424558 0.067043 0.071763
0 0.542026 0.630218 0.044808 0.070190
0 0.572260 0.629612 0.030630 0.070917
