0 0.739864 0.734148 0.080308 0.140023
0 0.779654 0.785507 0.106837 0.150687
0 0.834890 0.872962 0.133000 0.203497
0 0.561440 0.577650 0.054145 0.050873
0 0.564165 0.605508 0.058870 0.058143
0 0.577429 0.661472 0.081038 0.109017
0 0.590329 0.708712 0.099567 0.119190
0 0.611587 0.793017 0.129730 0.162800
0 0.643020 0.903292 0.170065 0.193417
0 0.341948 0.457102 0.059050 0.109823
0 0.319993 0.461340 0.070255 0.110227
0 0.294404 0.471838 0.079643 0.122343
0 0.262607 0.492632 0.095995 0.159083
0 0.220364 0.499093 0.114468 0.162313
0 0.431280 0.522915 0.062080 0.084790
0 0.442484 0.501918 0.056627 0.065410
0 0.201640 0.840807 0.283950 0.318387
0 0.292063 0.732518 0.191520 0.256197
0 0.088985 0.559860 0.177970 0.253160
0 0.347320 0.652143 0.133750 0.189220
0 0.381543 0.603583 0.100470 0.149027
0 0.401950 0.571348 0.084770 0.124750
0 0.163434 0.521298 0.142933 0.197037
0 0.418714 0.544718 0.072072 0.104170
0 0.691714 0.653477 0.058142 0.100780
0 0.713336 0.688847 0.069407 0.120160
