0 0.509333 0.067834 0.071627 0.068407
0 0.864635 0.573782 0.162443 0.152290
0 0.922165 0.709393 0.155670 0.165345
0 0.250693 0.089440 0.148987 0.132625
0 0.230503 0.147398 0.164300 0.139935
0 0.196392 0.224674 0.204677 0.156643
0 0.149052 0.335890 0.274297 0.189015
0 0.131265 0.506630 0.262530 0.267335
0 0.503178 0.034050 0.071623 0.061270
0 0.516047 0.106234 0.085053 0.077217
0 0.522763 0.153236 0.092887 0.085612
0 0.528358 0.211152 0.106317 0.096525
0 0.541570 0.280055 0.117640 0.108175
0 0.561312 0.369194 0.139397 0.128117
0 0.584420 0.482045 0.152773 0.155045
0 0.626912 0.641445 0.199110 0.200500
0 0.681910 0.869281 0.233920 0.261437
0 0.718638 0.259049 0.094743 0.097177
0 0.731200 0.321778 0.133433 0.112405
0 0.767460 0.384506 0.142140 0.116032
0 0.805168 0.463553 0.140203 0.124735
