0 0.187336 0.797992 0.106658 0.093550
0 0.096775 0.969907 0.135495 0.060187
0 0.228747 0.965728 0.133145 0.068543
0 0.361109 0.968340 0.130012 0.063320
0 0.038306 0.672767 0.069272 0.040220
0 0.084865 0.674690 0.067960 0.048960
0 0.040275 0.705992 0.080550 0.061903
0 0.092734 0.705817 0.079503 0.065747
0 0.129716 0.678012 0.066913 0.059803
0 0.174700 0.678538 0.065075 0.065050
0 0.219159 0.677138 0.058517 0.062950
0 0.245804 0.727285 0.082182 0.071070
0 0.307809 0.726558 0.080007 0.066717
0 0.372533 0.728008 0.073480 0.073970
0 0.436440 0.723658 0.070760 0.071070
0 0.266200 0.798715 0.100130 0.103703
0 0.342345 0.793638 0.095780 0.100803
0 0.421755 0.794727 0.088165 0.111680
0 0.096822 0.874293 0.136880 0.093067
0 0.200390 0.868853 0.117390 0.088233
0 0.294438 0.862810 0.118750 0.084607
0 0.398457 0.864022 0.094730 0.090643
