0 0.503363 0.419053 0.144425 0.194240
0 0.516863 0.514087 0.211615 0.282160
0 0.591589 0.739445 0.436198 0.521110
0 0.325469 0.234607 0.091327 0.184580
0 0.292464 0.249075 0.115742 0.223163
0 0.249514 0.262335 0.152813 0.261743
0 0.180792 0.283433 0.214300 0.328053
0 0.116845 0.312370 0.233690 0.405213
0 0.683541 0.419732 0.076858 0.120563
0 0.646467 0.381753 0.040690 0.088013
0 0.719710 0.477600 0.098560 0.178433
0 0.770799 0.540897 0.137442 0.215807
0 0.855344 0.655432 0.194408 0.305023
0 0.928350 0.807342 0.143300 0.384597
0 0.498029 0.264555 0.062867 0.042637
0 0.495303 0.280785 0.073405 0.052810
0 0.495124 0.308645 0.085403 0.079463
0 0.499595 0.356680 0.115540 0.129773
