0 0.405419 0.206660 0.065717 0.086687
0 0.575962 0.246947 0.031690 0.052573
0 0.559241 0.242175 0.034173 0.055103
0 0.541205 0.237113 0.038115 0.057440
0 0.521449 0.233273 0.041182 0.060520
0 0.498316 0.227548 0.047143 0.065890
0 0.471154 0.221590 0.052398 0.072200
0 0.440485 0.215165 0.056605 0.079443
0 0.365356 0.195502 0.073887 0.095690
0 0.314936 0.183592 0.088728 0.108210
0 0.252816 0.170225 0.107378 0.134797
0 0.172755 0.147620 0.138145 0.148193
0 0.073191 0.117060 0.146382 0.162427
0 0.575365 0.316145 0.043605 0.091863
0 0.553344 0.318762 0.048402 0.106397
0 0.527179 0.316435 0.054507 0.111050
0 0.498181 0.318472 0.064538 0.124423
0 0.460461 0.321670 0.074567 0.138960
0 0.413803 0.324867 0.088520 0.162800
0 0.355735 0.329553 0.102980 0.195913
0 0.279127 0.333320 0.136890 0.225220
0 0.172377 0.330808 0.188380 0.262057
0 0.070490 0.338763 0.140980 0.306433
0 0.630455 0.412440 0.055885 0.107167
0 0.608164 0.435045 0.062792 0.138983
0 0.583046 0.445512 0.071582 0.146517
0 0.549138 0.458907 0.086655 0.158240
0 0.509265 0.485280 0.111145 0.184193
0 0.451181 0.526305 0.125588 0.236103
0 0.371120 0.567330 0.170170 0.271267
0 0.204089 0.705477 0.303293 0.475553
