0 0.184445 0.442227 0.070850 0.044907
0 0.234019 0.442857 0.068017 0.047840
0 0.285007 0.440758 0.066130 0.047003
0 0.337415 0.439080 0.064555 0.047840
0 0.389821 0.437402 0.064872 0.048683
0 0.442857 0.436142 0.061410 0.049523
0 0.497625 0.432157 0.060780 0.042387
0 0.559946 0.405925 0.050077 0.037770
0 0.611250 0.407185 0.048190 0.043643
0 0.554280 0.432993 0.064555 0.049940
0 0.612351 0.433833 0.056688 0.056653
0 0.677365 0.427538 0.063265 0.053297
0 0.733390 0.420825 0.050675 0.046583
0 0.052405 0.472445 0.086275 0.046583
0 0.110635 0.475802 0.086905 0.053297
0 0.167605 0.472443 0.084385 0.050780
0 0.227881 0.473073 0.082813 0.052040
0 0.290045 0.472235 0.078090 0.054557
0 0.354884 0.473493 0.069277 0.062113
0 0.420981 0.475592 0.061092 0.063790
0 0.485191 0.475172 0.062352 0.066310
0 0.552076 0.487132 0.070222 0.095263
0 0.622896 0.486502 0.077148 0.097363
0 0.697335 0.484405 0.085015 0.097363
0 0.045178 0.513120 0.090355 0.060567
0 0.103276 0.513120 0.105733 0.058480
0 0.177290 0.511555 0.104950 0.059523
0 0.254436 0.512075 0.097902 0.062657
0 0.328841 0.509987 0.077538 0.060567
0 0.409120 0.520952 0.083020 0.086677
0 0.496056 0.544448 0.090852 0.133670
0 0.064507 0.600840 0.128445 0.116960
0 0.148308 0.599272 0.144115 0.118003
0 0.255219 0.612325 0.105732 0.144110
0 0.355863 0.614415 0.093985 0.154550
0 0.465119 0.633733 0.118262 0.216167
0 0.115025 0.784110 0.205985 0.260027
0 0.245038 0.790375 0.212250 0.278823
0 0.396979 0.798730 0.204418 0.283000
0 0.135344 0.440758 0.068332 0.036090
0 0.086241 0.439710 0.071483 0.033153
0 0.040286 0.439920 0.075258 0.032733
