0 0.214867 0.498225 0.320160 0.275285
0 0.819972 0.348495 0.143417 0.125975
0 0.859380 0.442006 0.156340 0.124037
0 0.908800 0.561198 0.167320 0.137605
0 0.584122 0.083949 0.103883 0.108143
0 0.594200 0.152846 0.117833 0.121517
0 0.609705 0.238897 0.142643 0.135470
0 0.288762 0.071918 0.192257 0.143835
0 0.275582 0.163894 0.206210 0.185472
0 0.640713 0.341226 0.158147 0.145937
0 0.257733 0.301808 0.239787 0.216010
0 0.175418 0.807385 0.350837 0.385230
0 0.660683 0.470981 0.164100 0.176657
0 0.710918 0.641402 0.199823 0.212575
0 0.775665 0.875142 0.235543 0.249715
