0 0.577557 0.802109 0.398373 0.356868
0 0.408828 0.661421 0.236897 0.230683
0 0.320817 0.569769 0.166527 0.157628
0 0.269783 0.518653 0.127580 0.118850
0 0.235100 0.480067 0.105887 0.086235
0 0.209842 0.457846 0.088403 0.075793
0 0.190397 0.437940 0.085847 0.063630
0 0.177120 0.424340 0.069653 0.055860
0 0.166110 0.412318 0.065120 0.050760
0 0.856680 0.579106 0.286640 0.276843
0 0.691415 0.515665 0.241170 0.203120
0 0.574467 0.475796 0.186333 0.161993
0 0.488853 0.452295 0.130380 0.135975
0 0.430938 0.429423 0.114150 0.113730
0 0.385018 0.408395 0.089323 0.086620
0 0.348723 0.398175 0.080953 0.079540
0 0.322007 0.389471 0.072320 0.072658
0 0.296913 0.383400 0.060987 0.067395
0 0.869478 0.391115 0.229643 0.125950
0 0.737198 0.377518 0.169210 0.099765
0 0.644533 0.365179 0.142353 0.077103
0 0.572015 0.356870 0.107437 0.067535
0 0.520648 0.352085 0.097363 0.061995
0 0.472973 0.346798 0.079907 0.056455
0 0.435885 0.343298 0.069623 0.048390
0 0.406877 0.340362 0.064493 0.046165
0 0.380295 0.337326 0.057210 0.041712
0 0.358843 0.335404 0.054780 0.039487
0 0.919967 0.309780 0.160067 0.066060
0 0.816778 0.307107 0.146690 0.056830
0 0.730482 0.306380 0.122403 0.047115
0 0.662803 0.306016 0.110747 0.043473
0 0.603382 0.306865 0.087110 0.040315
0 0.556913 0.305651 0.077067 0.034972
0 0.517083 0.305409 0.067353 0.032058
0 0.484378 0.306258 0.060230 0.030845
0 0.455233 0.304557 0.056993 0.027445
0 0.430038 0.304533 0.050823 0.024960
0 0.406652 0.304617 0.045877 0.023780
0 0.386975 0.304702 0.042503 0.022600
0 0.907483 0.264781 0.135173 0.052283
0 0.820907 0.270684 0.115833 0.048238
0 0.750407 0.271021 0.097167 0.038117
