0 0.600087 0.319443 0.103267 0.099205
0 0.413625 0.283949 0.049503 0.031037
0 0.412843 0.301985 0.055127 0.038535
0 0.404265 0.321121 0.061850 0.042257
0 0.400540 0.347959 0.068000 0.049788
0 0.393740 0.383660 0.077067 0.065330
0 0.382407 0.431383 0.093260 0.083060
0 0.366557 0.500030 0.120060 0.113010
0 0.354873 0.607902 0.178880 0.170420
0 0.322643 0.804611 0.269127 0.284637
0 0.834562 0.705390 0.330877 0.357665
0 0.750345 0.515245 0.306323 0.224520
0 0.676085 0.412558 0.192610 0.149680
0 0.625032 0.352076 0.134597 0.107038
