0 0.233020 0.732992 0.023190 0.050363
0 0.219054 0.738847 0.027232 0.054813
0 0.201149 0.746128 0.029507 0.062077
0 0.177870 0.753852 0.032350 0.066450
0 0.146504 0.764197 0.038687 0.072567
0 0.905530 0.838003 0.098995 0.181800
0 0.838864 0.801492 0.050273 0.145037
0 0.781076 0.800735 0.071423 0.147557
0 0.882111 0.781598 0.065002 0.108277
0 0.935558 0.787895 0.045740 0.129930
0 0.974493 0.828687 0.051015 0.170220
0 0.712295 0.775127 0.058360 0.113660
0 0.755683 0.774253 0.045465 0.115993
0 0.664207 0.759972 0.042185 0.100257
0 0.698635 0.756620 0.046775 0.096467
0 0.629783 0.748752 0.039345 0.090637
0 0.604767 0.741743 0.032130 0.066280
0 0.583326 0.736600 0.029472 0.065100
0 0.566750 0.730527 0.024425 0.061053
0 0.553791 0.725385 0.021503 0.055150
0 0.542532 0.720915 0.021505 0.049583
0 0.532666 0.721758 0.017457 0.046210
0 0.523180 0.718468 0.015180 0.043683
0 0.515900 0.716277 0.015570 0.040307
0 0.508506 0.714085 0.014928 0.037610
0 0.020712 0.806495 0.041425 0.123677
0 0.066066 0.784162 0.054428 0.110163
0 0.109346 0.768132 0.043498 0.089763
