0 0.270068 0.565335 0.115590 0.180137
0 0.091158 0.717190 0.182315 0.356793
0 0.724241 0.740627 0.078322 0.124007
0 0.772920 0.818223 0.103885 0.170420
0 0.863206 0.909293 0.169153 0.181413
0 0.580381 0.611543 0.048408 0.070347
0 0.592619 0.650340 0.058743 0.091373
0 0.612199 0.698567 0.073967 0.109507
0 0.644395 0.789122 0.106515 0.167083
0 0.703919 0.901348 0.150377 0.197303
0 0.477504 0.541368 0.044873 0.062243
0 0.470931 0.564030 0.053483 0.073727
0 0.462999 0.598175 0.063907 0.098503
0 0.449856 0.632320 0.082038 0.105153
0 0.428621 0.711323 0.114348 0.157687
0 0.376538 0.863233 0.196585 0.273533
0 0.270060 0.428975 0.076675 0.086117
0 0.225681 0.432248 0.097447 0.102737
0 0.161848 0.440305 0.128420 0.129930
0 0.080546 0.449118 0.161092 0.167703
0 0.371097 0.502248 0.065720 0.106763
0 0.348623 0.518112 0.076675 0.122377
0 0.315754 0.535747 0.092093 0.136627
0 0.174777 0.614067 0.199130 0.235833
