0 0.854763 0.696385 0.045325 0.074283
0 0.772140 0.702050 0.049415 0.094007
0 0.732796 0.723033 0.046267 0.144367
0 0.679918 0.728908 0.063265 0.141010
0 0.960745 0.880830 0.078510 0.159473
0 0.962881 0.749053 0.050048 0.161153
0 0.915354 0.759335 0.048158 0.175843
0 0.863261 0.762693 0.055398 0.179200
0 0.789295 0.767938 0.102610 0.182137
0 0.587694 0.689462 0.034938 0.089810
0 0.084343 0.647073 0.019670 0.047213
0 0.072540 0.649388 0.028415 0.052490
0 0.055163 0.654488 0.031255 0.055110
0 0.036803 0.659313 0.040000 0.060620
0 0.021720 0.662227 0.027760 0.062367
0 0.007199 0.666438 0.014398 0.070850
0 0.353773 0.641083 0.015285 0.031753
0 0.358251 0.643602 0.014932 0.033743
0 0.372658 0.646765 0.018270 0.040303
0 0.364225 0.645302 0.013000 0.036670
0 0.378500 0.646588 0.021170 0.040183
0 0.387151 0.648580 0.021433 0.041353
0 0.398615 0.652387 0.020645 0.046627
0 0.409376 0.655842 0.023892 0.050023
0 0.424616 0.658243 0.025213 0.051547
0 0.439315 0.659838 0.028635 0.057997
0 0.458222 0.667270 0.031475 0.063533
0 0.479206 0.675138 0.037158 0.073443
0 0.574396 0.677760 0.026447 0.075193
0 0.543796 0.684027 0.037378 0.080727
0 0.507402 0.686503 0.040655 0.082187
0 0.093085 0.645178 0.020110 0.045757
0 0.549768 0.695127 0.050990 0.086033
0 0.920075 0.666588 0.025495 0.041550
0 0.984914 0.673932 0.021087 0.042803
0 0.649229 0.701212 0.042178 0.113310
0 0.601386 0.702890 0.064837 0.118347
0 0.118221 0.640208 0.015737 0.036457
0 0.111665 0.643268 0.014425 0.038497
0 0.101720 0.645892 0.019890 0.040250
