0 0.408599 0.420963 0.054207 0.098520
0 0.693434 0.765290 0.124783 0.212673
0 0.762335 0.895303 0.177950 0.209393
0 0.508316 0.454105 0.043373 0.058803
0 0.501294 0.474260 0.048452 0.070660
0 0.493269 0.500102 0.060262 0.086003
0 0.480807 0.533492 0.074305 0.099770
0 0.460663 0.593145 0.099945 0.139543
0 0.425420 0.704670 0.152995 0.231480
0 0.341329 0.858122 0.286457 0.283757
0 0.219599 0.292715 0.075352 0.063630
0 0.168423 0.292713 0.097330 0.085400
0 0.634365 0.587610 0.069335 0.093607
0 0.619539 0.548075 0.057998 0.083143
0 0.607336 0.511772 0.045038 0.059583
0 0.600676 0.489458 0.037327 0.051403
0 0.596996 0.470648 0.033472 0.042290
0 0.138658 0.591360 0.267500 0.281313
0 0.253570 0.518520 0.159495 0.200940
0 0.316389 0.479308 0.111437 0.158677
0 0.358785 0.452255 0.084185 0.130417
0 0.387704 0.434693 0.066318 0.112247
0 0.424345 0.409053 0.045120 0.084387
0 0.927484 0.896167 0.145033 0.207667
0 0.854967 0.781782 0.144675 0.187877
0 0.787150 0.684327 0.094945 0.125587
0 0.748721 0.626557 0.079873 0.104487
0 0.715996 0.582960 0.060178 0.087793
0 0.077461 0.391927 0.154923 0.169960
0 0.152410 0.381880 0.143170 0.139820
0 0.223365 0.372253 0.101725 0.115540
0 0.273288 0.360950 0.084770 0.092933
0 0.314102 0.354252 0.068445 0.079537
0 0.343303 0.351322 0.057770 0.068657
0 0.097779 0.280993 0.120563 0.098793
0 0.656166 0.654182 0.091138 0.132563
