0 0.317545 0.651225 0.030420 0.035943
0 0.292226 0.653047 0.030783 0.036187
0 0.266452 0.653897 0.032060 0.034000
0 0.503975 0.605688 0.026595 0.030843
0 0.478474 0.607267 0.027322 0.031087
0 0.454703 0.609697 0.024955 0.030600
0 0.429566 0.612125 0.026412 0.033030
0 0.405679 0.613765 0.027017 0.031370
0 0.381619 0.615282 0.026868 0.029550
0 0.357864 0.618520 0.027627 0.032787
0 0.334261 0.619633 0.026562 0.031773
0 0.309974 0.621657 0.028688 0.031773
0 0.507378 0.580067 0.025805 0.028740
0 0.483091 0.580268 0.024288 0.025097
0 0.460170 0.582798 0.024590 0.027730
0 0.437859 0.583405 0.023983 0.024490
0 0.415241 0.585530 0.023983 0.024287
0 0.392320 0.588768 0.025805 0.027523
0 0.370008 0.590185 0.025805 0.027523
0 0.348074 0.592613 0.025348 0.027120
0 0.325836 0.594233 0.025803 0.026713
0 0.678019 0.594007 0.031692 0.031573
0 0.650149 0.594735 0.029508 0.030117
0 0.624923 0.596678 0.029690 0.029143
0 0.597509 0.598257 0.027688 0.030847
0 0.601243 0.631165 0.032605 0.033517
0 0.630296 0.628978 0.032423 0.032057
0 0.658438 0.627278 0.032240 0.032543
0 0.689130 0.625943 0.036430 0.033760
0 0.604974 0.664293 0.034317 0.032640
0 0.637105 0.662397 0.033880 0.031767
0 0.667486 0.660650 0.034317 0.031767
0 0.700710 0.658318 0.040000 0.032350
0 0.609193 0.708182 0.036065 0.052750
0 0.646460 0.708473 0.038470 0.045173
0 0.679355 0.707163 0.034755 0.046047
0 0.714656 0.706435 0.040217 0.046923
0 0.461079 0.718742 0.033697 0.049543
0 0.429931 0.719835 0.031512 0.049790
0 0.399694 0.722020 0.030782 0.046387
0 0.368548 0.724085 0.032605 0.043717
0 0.337854 0.724328 0.032423 0.041770
0 0.308165 0.728335 0.029145 0.048330
0 0.497599 0.672112 0.032422 0.037403
0 0.467362 0.673083 0.031695 0.035460
0 0.438856 0.675877 0.031512 0.037647
0 0.410624 0.678063 0.032968 0.039587
0 0.382026 0.678792 0.032967 0.034730
0 0.354065 0.680492 0.033880 0.034243
0 0.326015 0.681220 0.033515 0.032787
0 0.298966 0.683647 0.033697 0.032787
0 0.500788 0.638353 0.031510 0.037400
0 0.472826 0.640418 0.027322 0.037643
0 0.446415 0.641753 0.028050 0.035460
0 0.420459 0.643455 0.028962 0.036430
0 0.395050 0.644425 0.028415 0.034003
0 0.369276 0.646855 0.028962 0.036430
0 0.343319 0.648068 0.029873 0.034003
