0 0.143769 0.609088 0.134713 0.124270
0 0.767120 0.448463 0.094805 0.097193
0 0.689690 0.457528 0.087250 0.091150
0 0.614150 0.464077 0.078185 0.093167
0 0.050595 0.538357 0.100885 0.073527
0 0.114050 0.532818 0.102395 0.069497
0 0.179770 0.531308 0.102395 0.080577
0 0.248512 0.524005 0.099375 0.082090
0 0.319710 0.520732 0.096730 0.081583
0 0.395062 0.516450 0.091065 0.096187
0 0.474569 0.518213 0.094462 0.112807
0 0.562006 0.513177 0.097107 0.118853
0 0.063661 0.610133 0.127323 0.107560
0 0.233838 0.607523 0.131580 0.133667
0 0.328605 0.601257 0.122180 0.137847
0 0.428464 0.602307 0.116697 0.150387
0 0.536156 0.623187 0.120612 0.206767
0 0.087157 0.788182 0.174315 0.246450
0 0.207991 0.790793 0.180137 0.268380
0 0.344661 0.788183 0.176222 0.281953
0 0.497388 0.793927 0.174655 0.303887
