0 0.300000 0.519617 0.017305 0.026353
0 0.310716 0.520085 0.015023 0.026117
0 0.322400 0.520963 0.015020 0.027173
0 0.333511 0.521842 0.015637 0.029630
0 0.343760 0.521870 0.017065 0.029573
0 0.354337 0.519872 0.014355 0.026743
0 0.367478 0.520163 0.014135 0.026940
0 0.378934 0.516992 0.013478 0.027037
0 0.389293 0.518455 0.014575 0.030550
0 0.400419 0.515283 0.011793 0.028307
0 0.407739 0.515675 0.014572 0.029477
0 0.579726 0.503817 0.013268 0.030227
0 0.595205 0.500937 0.013215 0.028533
0 0.610609 0.498360 0.013013 0.027993
0 0.624969 0.495310 0.012658 0.028400
0 0.638088 0.493305 0.012240 0.026523
0 0.648471 0.490247 0.011147 0.029727
0 0.652316 0.517977 0.016337 0.034200
0 0.665186 0.518095 0.016602 0.035603
0 0.678318 0.517743 0.015810 0.034900
0 0.691494 0.518212 0.014933 0.035603
0 0.704142 0.518093 0.015285 0.034433
0 0.718725 0.517977 0.016165 0.034433
0 0.731683 0.518093 0.015900 0.035840
0 0.747361 0.515003 0.015988 0.035020
0 0.763041 0.511547 0.015197 0.034667
0 0.787592 0.504403 0.016340 0.033733
0 0.800155 0.500832 0.011595 0.030570
0 0.775384 0.503935 0.010893 0.033730
0 0.811046 0.498020 0.011067 0.031973
0 0.821890 0.494095 0.012395 0.029983
0 0.832261 0.491462 0.011683 0.027523
0 0.841967 0.487128 0.010365 0.027290
0 0.821851 0.518927 0.018623 0.037480
0 0.837004 0.519512 0.015197 0.038883
0 0.851059 0.517930 0.018357 0.038533
0 0.865729 0.518633 0.016952 0.039233
0 0.881496 0.518692 0.017393 0.037950
0 0.895949 0.519102 0.017298 0.039937
0 0.911454 0.519335 0.016507 0.039703
0 0.926515 0.519277 0.017830 0.039353
0 0.939516 0.516292 0.013793 0.039703
0 0.950826 0.511898 0.013607 0.038650
0 0.962210 0.507472 0.013820 0.038230
0 0.969854 0.502060 0.010553 0.037527
0 0.271738 0.516013 0.011130 0.027660
0 0.279200 0.515507 0.013155 0.027660
0 0.286411 0.515338 0.013408 0.026310
0 0.267310 0.517532 0.013915 0.026983
0 0.254408 0.518712 0.014420 0.027997
0 0.188885 0.519723 0.015430 0.023613
0 0.197234 0.519640 0.015432 0.023780
0 0.205266 0.519977 0.014547 0.026480
0 0.214120 0.520062 0.014800 0.025637
0 0.242771 0.520737 0.014928 0.025973
0 0.223608 0.521073 0.013535 0.025633
0 0.097368 0.513063 0.013535 0.027153
0 0.075232 0.516435 0.014800 0.025130
0 0.048479 0.533470 0.019733 0.033900
0 0.567206 0.510040 0.014893 0.030153
0 0.549903 0.512772 0.015500 0.032383
0 0.511044 0.516417 0.014587 0.032787
0 0.521898 0.514593 0.011400 0.031573
0 0.531764 0.516010 0.016258 0.032380
0 0.489489 0.518337 0.012463 0.030560
0 0.501709 0.517225 0.011398 0.031170
0 0.512259 0.519857 0.016407 0.034407
0 0.422246 0.521373 0.015802 0.030967
0 0.434163 0.521172 0.015650 0.030157
0 0.443800 0.521172 0.015800 0.030963
0 0.454806 0.521273 0.017167 0.032787
0 0.468921 0.520563 0.016257 0.032180
0 0.478865 0.521172 0.015195 0.033797
0 0.492676 0.521677 0.017623 0.034407
