0 0.603440 0.771353 0.156765 0.290227
0 0.487489 0.243983 0.031912 0.019820
0 0.520495 0.237572 0.034535 0.020403
0 0.555795 0.231163 0.043060 0.022727
0 0.592626 0.221397 0.047212 0.026520
0 0.630878 0.213090 0.048960 0.029727
0 0.671206 0.205077 0.050492 0.029433
0 0.714921 0.196042 0.053553 0.029437
0 0.774704 0.167335 0.051148 0.024483
0 0.757981 0.188463 0.049183 0.024773
0 0.824538 0.154220 0.054645 0.026227
0 0.811970 0.174622 0.063605 0.030310
0 0.874375 0.144020 0.054645 0.027980
0 0.867818 0.163400 0.058580 0.033513
0 0.929129 0.119832 0.054862 0.030310
0 0.929019 0.132217 0.059018 0.030600
0 0.928472 0.151160 0.065355 0.035267
0 0.978280 0.123910 0.043440 0.032640
0 0.980029 0.140668 0.039942 0.037597
0 0.930767 0.174330 0.070820 0.046047
0 0.985930 0.260303 0.028140 0.091513
0 0.983089 0.205513 0.033822 0.054793
0 0.979701 0.161798 0.040597 0.038470
0 0.801041 0.198957 0.069287 0.042840
0 0.860495 0.187298 0.068415 0.040510
0 0.853173 0.224018 0.079565 0.044590
0 0.249676 0.304603 0.038032 0.024480
0 0.271096 0.301252 0.038032 0.025937
0 0.292626 0.299357 0.036503 0.023313
0 0.316671 0.292943 0.039563 0.025647
0 0.342244 0.289302 0.040872 0.028270
0 0.368801 0.284202 0.042402 0.026810
0 0.395359 0.279247 0.042623 0.027980
0 0.423882 0.274730 0.043715 0.031767
0 0.455577 0.268610 0.045465 0.031767
0 0.487926 0.263947 0.047213 0.035267
0 0.523882 0.255933 0.049180 0.034973
0 0.560605 0.248647 0.049180 0.035553
0 0.601151 0.241215 0.052898 0.036430
0 0.645414 0.232033 0.057923 0.037887
0 0.692845 0.221688 0.060110 0.039343
0 0.743009 0.211487 0.061202 0.041093
0 0.721370 0.242525 0.067760 0.047797
0 0.782353 0.231013 0.073005 0.050420
0 0.207817 0.348027 0.048305 0.029727
0 0.233937 0.344822 0.049835 0.031477
0 0.262134 0.341177 0.051583 0.035847
0 0.292736 0.338992 0.052897 0.036723
0 0.323446 0.335205 0.052678 0.038470
0 0.358529 0.331415 0.055082 0.039637
0 0.395577 0.326023 0.058360 0.043427
0 0.435795 0.322525 0.058360 0.044590
0 0.480714 0.316697 0.067757 0.046920
0 0.524430 0.309993 0.065575 0.049253
0 0.575577 0.301833 0.070820 0.051000
0 0.632626 0.292945 0.076067 0.050710
0 0.692736 0.286972 0.076502 0.062077
0 0.764320 0.277062 0.074100 0.066157
0 0.175249 0.380522 0.053553 0.040510
0 0.205960 0.378337 0.056830 0.041387
0 0.238746 0.375858 0.061203 0.047503
0 0.273829 0.371488 0.061423 0.046923
0 0.309457 0.367845 0.062295 0.050710
0 0.347054 0.365222 0.062733 0.051877
0 0.392190 0.362307 0.064700 0.053040
0 0.442899 0.355313 0.063387 0.055373
0 0.496015 0.350795 0.066010 0.056830
0 0.552736 0.343655 0.068853 0.061203
0 0.617981 0.337390 0.075627 0.067907
0 0.691424 0.329957 0.083498 0.071693
0 0.771861 0.319758 0.100107 0.076357
0 0.036193 0.434187 0.051610 0.047573
0 0.061845 0.433787 0.052520 0.049180
0 0.090230 0.430648 0.055555 0.053430
0 0.116395 0.430987 0.054825 0.052213
0 0.152030 0.428897 0.055610 0.054300
0 0.187666 0.429418 0.059523 0.057437
0 0.225260 0.427853 0.064225 0.058480
0 0.264811 0.426285 0.061873 0.065790
0 0.314545 0.425242 0.072055 0.074143
0 0.366237 0.424198 0.076755 0.072057
0 0.422236 0.421588 0.066572 0.077277
0 0.486851 0.418455 0.078323 0.085630
0 0.642709 0.409578 0.097118 0.090850
0 0.738261 0.404878 0.108082 0.104430
0 0.041598 0.503563 0.071270 0.082500
0 0.075666 0.498863 0.075188 0.079367
0 0.108561 0.507217 0.068923 0.096073
0 0.155162 0.511918 0.074405 0.109650
0 0.051540 0.629398 0.103080 0.173350
0 0.105429 0.649240 0.112782 0.177527
0 0.168948 0.657175 0.119830 0.187970
0 0.241786 0.680672 0.126097 0.197370
0 0.337729 0.707823 0.147242 0.241227
0 0.092825 0.914277 0.180150 0.160820
0 0.201069 0.514475 0.076597 0.114217
0 0.252513 0.519008 0.077050 0.111197
0 0.320725 0.521425 0.095635 0.114823
0 0.684455 0.548017 0.134160 0.181300
0 0.392111 0.528375 0.102433 0.131137
0 0.466670 0.532002 0.089290 0.137183
0 0.566611 0.542275 0.103337 0.155310
0 0.444984 0.733752 0.148868 0.263170
