0 0.864838 0.564531 0.270323 0.241733
0 0.804212 0.512156 0.222930 0.210507
0 0.757207 0.469099 0.185327 0.179787
0 0.723610 0.438489 0.165147 0.162622
0 0.695048 0.410350 0.142997 0.140795
0 0.946008 0.276179 0.107983 0.152802
0 0.922513 0.275970 0.133733 0.150705
0 0.884463 0.274083 0.116947 0.149445
0 0.854527 0.269885 0.111913 0.141050
0 0.265572 0.880108 0.300523 0.239785
0 0.307340 0.751946 0.233220 0.178398
0 0.333505 0.659681 0.192417 0.132057
0 0.351393 0.595501 0.179847 0.106678
0 0.369610 0.546826 0.139333 0.090692
0 0.376047 0.508635 0.128700 0.073905
0 0.384840 0.476215 0.116187 0.063270
0 0.393002 0.451734 0.106863 0.057442
0 0.397540 0.431374 0.098193 0.049627
0 0.046790 0.671679 0.093580 0.068867
0 0.084832 0.624376 0.096530 0.061712
0 0.118347 0.584425 0.092967 0.048355
0 0.148013 0.553740 0.081533 0.043570
0 0.172142 0.526041 0.077630 0.037598
0 0.194317 0.500920 0.070133 0.037240
0 0.212588 0.482120 0.069197 0.033850
0 0.226487 0.460921 0.067947 0.030803
