0 0.486843 0.240735 0.061485 0.066863
0 0.887172 0.735367 0.174515 0.273680
0 0.915781 0.880040 0.168437 0.239920
0 0.672781 0.375485 0.062392 0.096450
0 0.657861 0.403215 0.072337 0.113330
0 0.634804 0.441192 0.089518 0.141057
0 0.603609 0.496048 0.113933 0.176023
0 0.547546 0.614802 0.164568 0.297790
0 0.819300 0.468072 0.073695 0.102330
0 0.831509 0.530863 0.086778 0.150007
0 0.851132 0.617205 0.119045 0.206403
0 0.812541 0.430278 0.064537 0.082563
0 0.807526 0.398010 0.054507 0.065700
0 0.445711 0.782240 0.270182 0.435520
0 0.328724 0.436972 0.184462 0.241123
0 0.417789 0.387540 0.131113 0.188080
0 0.475208 0.366442 0.099465 0.167583
0 0.517706 0.332685 0.079572 0.126590
0 0.550259 0.315805 0.066913 0.112123
0 0.574056 0.307598 0.057997 0.101750
0 0.595643 0.298295 0.047095 0.091283
0 0.178764 0.290447 0.193613 0.168613
0 0.283419 0.268643 0.138667 0.122680
0 0.354280 0.261377 0.104220 0.109307
0 0.406825 0.250328 0.084595 0.087210
0 0.450433 0.244515 0.073260 0.075583
0 0.514097 0.234048 0.053200 0.056977
0 0.178622 0.512323 0.303820 0.317080
