0 0.806861 0.485542 0.225426 0.258972
0 0.683593 0.439500 0.170741 0.201444
0 0.581917 0.405681 0.151574 0.174083
0 0.516694 0.382806 0.109352 0.151056
0 0.450028 0.359722 0.110315 0.122444
0 0.948824 0.272722 0.093056 0.172667
0 0.847139 0.263236 0.148685 0.165472
0 0.732037 0.248847 0.119889 0.136694
0 0.661528 0.251875 0.118944 0.139583
0 0.591509 0.248264 0.107426 0.109361
0 0.532046 0.239500 0.099759 0.103611
0 0.958343 0.117986 0.083315 0.128194
0 0.873519 0.124389 0.151556 0.120889
0 0.792954 0.140292 0.118944 0.118139
0 0.709019 0.137472 0.123741 0.083444
0 0.660102 0.143236 0.079611 0.080583
0 0.446843 0.237028 0.086056 0.090778
0 0.602556 0.152097 0.056630 0.079083
0 0.555648 0.152083 0.056074 0.072444
0 0.514843 0.159583 0.065500 0.070778
0 0.409648 0.348611 0.088259 0.120722
0 0.174250 0.885500 0.212944 0.229000
0 0.152657 0.806264 0.164019 0.246028
0 0.127722 0.718486 0.146778 0.188472
0 0.102778 0.601222 0.114148 0.143889
0 0.822537 0.052653 0.086593 0.095917
0 0.747269 0.065139 0.074611 0.076944
0 0.236750 0.450944 0.075944 0.121889
0 0.110935 0.665250 0.130463 0.156833
0 0.700389 0.840611 0.313667 0.318778
0 0.556019 0.756917 0.226370 0.315111
0 0.456259 0.659792 0.174593 0.235972
0 0.390074 0.590569 0.130444 0.192806
0 0.332037 0.540278 0.141000 0.167056
0 0.289352 0.497056 0.109370 0.143889
0 0.928130 0.533097 0.143741 0.299139
