0 0.482164 0.591630 0.127750 0.183259
0 0.547645 0.690492 0.134977 0.207362
0 0.642848 0.814068 0.161492 0.247151
0 0.774215 0.910955 0.196039 0.178089
0 0.157812 0.336858 0.086859 0.096905
0 0.177121 0.387415 0.094930 0.099426
0 0.205055 0.463230 0.108469 0.133822
0 0.242414 0.549437 0.128547 0.151911
0 0.299457 0.673013 0.155867 0.203751
0 0.381008 0.826729 0.195234 0.236295
0 0.369680 0.447556 0.084359 0.136237
0 0.333527 0.400539 0.079539 0.129004
0 0.906977 0.890393 0.164031 0.219215
0 0.801527 0.784132 0.148414 0.205967
0 0.700535 0.677808 0.122742 0.172474
0 0.625773 0.594496 0.104891 0.144842
0 0.559656 0.518306 0.089828 0.124748
0 0.509437 0.465979 0.078672 0.120563
0 0.465082 0.424537 0.068070 0.116366
0 0.428262 0.380158 0.065836 0.104654
0 0.415879 0.513265 0.102836 0.159144
0 0.395898 0.337046 0.061375 0.078710
