0 0.816449 0.359314 0.114430 0.098792
0 0.918590 0.278001 0.089273 0.053025
0 0.839312 0.279396 0.078578 0.053025
0 0.758648 0.278699 0.088344 0.051630
0 0.676816 0.282890 0.091133 0.061395
0 0.589168 0.283242 0.092523 0.064889
0 0.500363 0.283933 0.088805 0.062098
0 0.415047 0.288822 0.090203 0.059308
0 0.326238 0.290217 0.096711 0.064889
0 0.242316 0.290914 0.100898 0.060703
0 0.156297 0.289168 0.094391 0.071161
0 0.071211 0.287773 0.102750 0.060000
0 0.071594 0.367685 0.106625 0.098792
0 0.175094 0.367268 0.113875 0.101313
0 0.282242 0.366430 0.128328 0.092931
0 0.385160 0.364338 0.113320 0.093763
0 0.497305 0.365176 0.117781 0.098792
0 0.606102 0.364338 0.114437 0.097116
0 0.713508 0.362251 0.111641 0.106331
0 0.909375 0.359713 0.102656 0.103013
0 0.971984 0.358476 0.056031 0.097116
0 0.973102 0.472345 0.053797 0.145674
0 0.900980 0.474830 0.147352 0.142392
0 0.763445 0.480293 0.144562 0.138148
0 0.628992 0.483646 0.141234 0.139812
0 0.485309 0.489091 0.148477 0.138980
0 0.344988 0.489918 0.140102 0.149121
0 0.203270 0.492855 0.151258 0.139824
0 0.069984 0.489091 0.139969 0.133962
0 0.859297 0.696424 0.194750 0.199648
0 0.675633 0.702216 0.195719 0.190973
0 0.487145 0.699314 0.198617 0.193869
0 0.288535 0.705826 0.206320 0.195311
0 0.102457 0.703658 0.198617 0.196764
