0 0.823309 0.948458 0.102352 0.103083
0 0.240316 0.435094 0.075164 0.138370
0 0.219582 0.456020 0.083305 0.168617
0 0.195176 0.478118 0.094930 0.184889
0 0.162242 0.501958 0.116625 0.201172
0 0.115309 0.540873 0.144617 0.235088
0 0.074930 0.598740 0.149859 0.305029
0 0.778453 0.799121 0.066953 0.110246
0 0.818902 0.856682 0.075320 0.126284
0 0.869121 0.925053 0.087414 0.137444
0 0.633773 0.684936 0.051984 0.119672
0 0.655410 0.721758 0.060383 0.125487
0 0.688184 0.772638 0.069742 0.148746
0 0.724023 0.831266 0.082016 0.157468
0 0.770195 0.902005 0.100094 0.174912
0 0.500910 0.544185 0.038742 0.049426
0 0.509145 0.570598 0.041648 0.060563
0 0.517102 0.608089 0.043234 0.078148
0 0.529887 0.640879 0.049289 0.083728
0 0.544535 0.686237 0.055336 0.097679
0 0.578477 0.781120 0.089734 0.188382
0 0.619625 0.852984 0.119953 0.202333
0 0.654961 0.919865 0.125531 0.160270
0 0.379344 0.522673 0.064250 0.072685
0 0.378098 0.554824 0.073648 0.084021
0 0.375465 0.582204 0.084367 0.072333
0 0.370777 0.655551 0.105789 0.128593
0 0.366762 0.742456 0.132570 0.179848
0 0.353371 0.870053 0.159352 0.238113
0 0.696391 0.690275 0.044172 0.093494
0 0.719867 0.719232 0.051141 0.095580
0 0.745906 0.760053 0.057656 0.110234
