0 0.848426 0.885070 0.204133 0.229859
0 0.448152 0.165838 0.074117 0.070645
0 0.445355 0.191377 0.089492 0.072743
0 0.443492 0.235785 0.099281 0.100715
0 0.441160 0.289648 0.116992 0.128699
0 0.436066 0.379918 0.141133 0.203001
0 0.439824 0.475152 0.175367 0.220551
0 0.424371 0.662497 0.266398 0.342110
0 0.419695 0.864396 0.324016 0.271208
0 0.602359 0.286178 0.074672 0.078054
0 0.614801 0.332550 0.073273 0.094431
0 0.636480 0.401166 0.093133 0.139332
0 0.668937 0.505592 0.120047 0.224525
0 0.711559 0.603054 0.148461 0.254103
0 0.756215 0.741424 0.178617 0.306319
0 0.245855 0.136465 0.106383 0.206975
0 0.272367 0.114050 0.091625 0.180293
0 0.293008 0.092902 0.079875 0.163177
0 0.449551 0.141887 0.063398 0.061196
0 0.207477 0.166970 0.132984 0.229742
0 0.164328 0.216049 0.159437 0.294490
0 0.100797 0.287579 0.201594 0.360270
0 0.069133 0.388875 0.138266 0.427104
0 0.586699 0.250715 0.059570 0.067573
