0 0.829539 0.834894 0.340922 0.330211
0 0.292305 0.486630 0.252531 0.229179
0 0.514777 0.501067 0.230883 0.247222
0 0.726422 0.494754 0.235703 0.227374
0 0.448035 0.837603 0.446148 0.324795
0 0.910109 0.501970 0.179781 0.238195
0 0.126914 0.838505 0.253828 0.322989
0 0.076406 0.324226 0.152812 0.117292
0 0.211734 0.326008 0.161141 0.120950
0 0.357242 0.321518 0.161141 0.119097
0 0.509367 0.317907 0.164750 0.115487
0 0.656074 0.319713 0.162336 0.119097
0 0.808793 0.326928 0.143102 0.137140
0 0.939574 0.324226 0.120852 0.131735
0 0.064711 0.236430 0.127578 0.057433
0 0.169676 0.234683 0.114820 0.055698
0 0.286242 0.234689 0.119469 0.053951
0 0.405996 0.235557 0.122367 0.052216
0 0.517637 0.235991 0.122945 0.051348
0 0.630430 0.235117 0.116562 0.049601
0 0.106469 0.493845 0.212938 0.247222
