0 0.478187 0.240123 0.066953 0.070469
0 0.474234 0.280240 0.076719 0.090703
0 0.481207 0.213957 0.058117 0.062802
0 0.097246 0.441846 0.194492 0.399871
0 0.151977 0.331331 0.193500 0.297386
0 0.212902 0.269045 0.150648 0.253189
0 0.256422 0.220821 0.119844 0.206964
0 0.290234 0.189678 0.101766 0.184865
0 0.317016 0.160035 0.084359 0.159742
0 0.339113 0.139941 0.069633 0.141665
0 0.470980 0.330821 0.086945 0.113716
0 0.464586 0.494314 0.130156 0.189519
0 0.466793 0.396758 0.106477 0.139543
0 0.459281 0.639713 0.163906 0.251735
0 0.450605 0.848066 0.229461 0.303869
