0 0.709059 0.527714 0.142664 0.179719
0 0.811383 0.619637 0.163547 0.218406
0 0.477820 0.806401 0.318672 0.387198
0 0.328504 0.608365 0.252539 0.324959
0 0.243324 0.429414 0.172367 0.207667
0 0.194590 0.322093 0.178242 0.181301
0 0.161367 0.225147 0.142672 0.125393
0 0.124785 0.159678 0.127227 0.098206
0 0.778648 0.798177 0.226172 0.336354
0 0.646773 0.634748 0.182328 0.283095
0 0.916305 0.766864 0.167391 0.283107
0 0.731324 0.457222 0.089773 0.120188
0 0.807875 0.527714 0.102297 0.123329
0 0.895211 0.595586 0.111344 0.133775
0 0.291508 0.212860 0.088375 0.143165
0 0.336047 0.247321 0.114828 0.116026
0 0.393809 0.317808 0.123180 0.148394
0 0.458176 0.387257 0.136398 0.155709
0 0.532992 0.489068 0.137094 0.192251
0 0.556648 0.361149 0.117609 0.124385
0 0.629027 0.433206 0.130133 0.130633
