0 0.543109 0.374927 0.101625 0.110437
0 0.450934 0.377927 0.106117 0.106833
0 0.361453 0.374328 0.094422 0.092448
0 0.267480 0.377323 0.098914 0.098437
0 0.101562 0.379125 0.076437 0.102042
0 0.037266 0.379125 0.064750 0.097000
0 0.766582 0.289255 0.095320 0.089927
0 0.849762 0.294589 0.099820 0.091010
0 0.939246 0.293391 0.107914 0.093635
0 0.185645 0.374870 0.107914 0.100719
0 0.524227 0.292250 0.094422 0.069542
0 0.606059 0.290391 0.098023 0.094844
0 0.687445 0.291589 0.097125 0.085010
0 0.447336 0.295187 0.082734 0.080458
0 0.370445 0.292792 0.089031 0.075667
0 0.293559 0.294589 0.071945 0.079260
0 0.218020 0.298786 0.084539 0.092198
0 0.145176 0.299927 0.077336 0.080333
0 0.074137 0.295729 0.071945 0.071938
0 0.024477 0.295792 0.048953 0.074458
0 0.948039 0.740031 0.103922 0.310667
0 0.827281 0.719651 0.222125 0.269906
0 0.654168 0.720906 0.210430 0.253000
0 0.493199 0.715453 0.179852 0.254323
0 0.329531 0.726245 0.179859 0.287656
0 0.187895 0.723849 0.168164 0.268469
0 0.060000 0.706401 0.120000 0.243406
0 0.892031 0.506219 0.146578 0.180938
0 0.778719 0.505625 0.155578 0.172542
0 0.651922 0.503224 0.135797 0.165344
0 0.531418 0.503823 0.130398 0.157187
0 0.422156 0.500224 0.125906 0.154552
0 0.311098 0.495432 0.132195 0.164385
0 0.192391 0.500224 0.132188 0.164385
0 0.090320 0.506224 0.118703 0.147365
0 0.028074 0.502625 0.056148 0.154792
0 0.828629 0.368990 0.124102 0.110313
0 0.725664 0.379125 0.117812 0.126021
0 0.634387 0.377328 0.111508 0.105635
