0 0.436637 0.693453 0.327336 0.420865
0 0.918855 0.683255 0.162289 0.458031
0 0.742391 0.692250 0.363312 0.449646
0 0.957770 0.203641 0.081836 0.122302
0 0.729348 0.237214 0.168164 0.143885
0 0.585465 0.238417 0.164570 0.134292
0 0.873684 0.221625 0.172664 0.134292
0 0.462262 0.235417 0.135789 0.137896
0 0.324676 0.238417 0.130398 0.151083
0 0.185738 0.243208 0.160070 0.153479
0 0.099852 0.388297 0.193344 0.239802
0 0.245090 0.393693 0.210430 0.238615
0 0.444277 0.381698 0.234711 0.188250
0 0.632227 0.373906 0.222125 0.213437
0 0.952129 0.366714 0.095742 0.251802
0 0.830973 0.373906 0.249102 0.223021
0 0.165051 0.695844 0.307555 0.411271
