0 0.865590 0.581943 0.196039 0.178656
0 0.253633 0.574745 0.209531 0.178656
0 0.232051 0.849922 0.382195 0.254198
0 0.513523 0.837938 0.328234 0.263792
0 0.772965 0.840932 0.330930 0.252990
0 0.431687 0.560359 0.207734 0.137885
0 0.582320 0.562156 0.199641 0.141479
0 0.725754 0.565156 0.205930 0.145083
0 0.725305 0.360719 0.097125 0.067146
0 0.648867 0.364312 0.115109 0.105521
0 0.560285 0.359516 0.110617 0.105510
0 0.476652 0.352323 0.103414 0.086333
0 0.383578 0.340333 0.129500 0.095917
0 0.293199 0.340932 0.133992 0.094719
0 0.822875 0.449448 0.142984 0.107917
0 0.735645 0.438052 0.112414 0.101917
0 0.628184 0.435057 0.143883 0.112719
0 0.508578 0.429062 0.143891 0.124708
0 0.402012 0.420068 0.160977 0.116302
0 0.286004 0.426661 0.168164 0.124698
