0 0.435839 0.529520 0.117240 0.049961
0 0.459156 0.603461 0.158542 0.097922
0 0.595714 0.597469 0.191844 0.077937
0 0.522443 0.527520 0.114573 0.047961
0 0.336589 0.526523 0.123906 0.035969
0 0.050057 0.539512 0.100115 0.037977
0 0.115432 0.489051 0.110573 0.044961
0 0.509781 0.482059 0.083937 0.032977
0 0.436505 0.484559 0.089260 0.029977
0 0.371896 0.487555 0.098583 0.035969
0 0.192036 0.830781 0.317073 0.172859
0 0.618365 0.526023 0.138562 0.054953
0 0.475146 0.824285 0.307750 0.169867
0 0.671651 0.804301 0.295760 0.173867
0 0.857807 0.788312 0.284385 0.169859
0 0.310609 0.605957 0.191844 0.086930
