0 0.960672 0.813594 0.078656 0.197833
0 0.954621 0.561198 0.088133 0.095917
0 0.878184 0.555802 0.107914 0.104312
0 0.793199 0.557000 0.099820 0.109104
0 0.702371 0.559995 0.094430 0.100719
0 0.627281 0.551604 0.097125 0.105521
0 0.531062 0.554000 0.100719 0.110312
0 0.435734 0.546807 0.102516 0.103115
0 0.344008 0.542010 0.111516 0.117500
0 0.251383 0.539615 0.102516 0.105521
0 0.146168 0.539609 0.089930 0.098323
0 0.052641 0.538417 0.100719 0.105521
0 0.955727 0.652922 0.088547 0.130698
0 0.875934 0.657719 0.128602 0.125896
0 0.768020 0.651125 0.119602 0.117500
0 0.665500 0.654719 0.107016 0.129500
0 0.551742 0.647526 0.109719 0.139094
0 0.445629 0.651125 0.113305 0.148688
0 0.324223 0.649323 0.107914 0.145083
0 0.199227 0.643328 0.115109 0.133094
0 0.085016 0.642130 0.106109 0.159469
0 0.885375 0.818391 0.178062 0.219427
0 0.736543 0.816589 0.162773 0.213427
0 0.597156 0.813599 0.164563 0.221823
0 0.449672 0.812396 0.142984 0.224229
0 0.295898 0.805802 0.139391 0.201437
0 0.136723 0.805198 0.153773 0.209833
0 0.029199 0.815870 0.058398 0.224219
