0 0.676203 0.169891 0.162766 0.122427
0 0.637984 0.091354 0.115109 0.128417
0 0.524227 0.088953 0.123203 0.099635
0 0.419008 0.085359 0.119609 0.080219
0 0.318742 0.087755 0.115109 0.087656
0 0.214422 0.089495 0.115109 0.093531
0 0.404621 0.169292 0.146586 0.116187
0 0.275574 0.163896 0.138492 0.105396
0 0.159117 0.160240 0.132187 0.088729
0 0.724766 0.332958 0.225719 0.254312
0 0.048309 0.163297 0.096617 0.104198
0 0.855160 0.106943 0.146586 0.135615
0 0.748598 0.108677 0.158273 0.153479
0 0.114156 0.086016 0.108812 0.098323
0 0.468918 0.671630 0.352523 0.401677
0 0.033664 0.076427 0.066547 0.069542
0 0.162262 0.666891 0.307555 0.456948
0 0.535918 0.175885 0.148383 0.112583
0 0.538613 0.340214 0.196945 0.249406
0 0.355160 0.323969 0.204133 0.233938
0 0.171707 0.334818 0.205930 0.226615
0 0.805699 0.683078 0.366008 0.453115
0 0.050555 0.332958 0.101109 0.232500
