0 0.655250 0.476182 0.246406 0.154677
0 0.447562 0.473182 0.250094 0.167865
0 0.693516 0.795349 0.474016 0.409302
0 0.322516 0.794531 0.471219 0.335729
0 0.506914 0.355682 0.158188 0.095927
0 0.376516 0.350286 0.169156 0.109115
0 0.242973 0.355682 0.134086 0.117510
0 0.130160 0.352083 0.147477 0.091125
0 0.096840 0.485177 0.185164 0.175062
0 0.631957 0.356281 0.178055 0.101917
0 0.909461 0.357479 0.181078 0.097125
0 0.250168 0.486974 0.238398 0.173865
0 0.777641 0.359276 0.187047 0.095927
0 0.846438 0.479177 0.288672 0.155875
