0 0.471344 0.454865 0.061078 0.047271
0 0.223504 0.855917 0.269789 0.199042
0 0.421344 0.835536 0.217625 0.203844
0 0.586363 0.807958 0.220320 0.172667
0 0.701922 0.794771 0.206828 0.184646
0 0.822879 0.780380 0.200539 0.179865
0 0.912562 0.765391 0.174875 0.149885
0 0.327820 0.587333 0.136687 0.105521
0 0.430340 0.584339 0.133086 0.118698
0 0.515320 0.580740 0.123203 0.101917
0 0.613344 0.590932 0.114203 0.081531
0 0.692031 0.587333 0.080938 0.083938
0 0.338613 0.493807 0.091727 0.052760
0 0.417750 0.502203 0.095328 0.057552
0 0.484293 0.505203 0.091727 0.068344
0 0.547695 0.504604 0.074641 0.047958
0 0.360211 0.444958 0.070828 0.051562
0 0.367980 0.408578 0.057461 0.041448
0 0.414961 0.410531 0.058187 0.050063
0 0.418758 0.450260 0.066500 0.049625
0 0.459051 0.415807 0.051680 0.035656
0 0.496461 0.420870 0.050594 0.031323
0 0.514887 0.455323 0.059992 0.040479
0 0.083559 0.492448 0.121789 0.090542
0 0.171199 0.430260 0.093961 0.055896
