0 0.205036 0.404621 0.223823 0.231414
0 0.422464 0.714570 0.095927 0.091125
0 0.418474 0.800902 0.100719 0.083930
0 0.433661 0.889035 0.076740 0.089930
0 0.525583 0.428004 0.055958 0.098320
0 0.518625 0.497215 0.049958 0.081602
0 0.510849 0.560078 0.063281 0.085766
0 0.516396 0.635020 0.087708 0.087430
0 0.519177 0.694555 0.119896 0.074937
0 0.505297 0.765000 0.074385 0.071609
0 0.560755 0.156777 0.091135 0.117508
0 0.554365 0.054859 0.084729 0.105516
0 0.193849 0.584477 0.230219 0.183453
0 0.425661 0.623445 0.095927 0.122297
0 0.182661 0.752938 0.204635 0.155875
0 0.202641 0.903422 0.161469 0.142688
0 0.438453 0.423805 0.092719 0.125906
0 0.424865 0.520926 0.110312 0.116305
