0 0.428063 0.412414 0.225417 0.127094
0 0.277781 0.324281 0.155083 0.077937
0 0.205042 0.355457 0.172667 0.089930
0 0.123510 0.407016 0.214229 0.118703
0 0.064948 0.465770 0.129896 0.140289
0 0.361714 0.483758 0.249406 0.164266
0 0.248208 0.572488 0.348521 0.195445
0 0.152078 0.734355 0.304156 0.305758
0 0.806156 0.405820 0.220625 0.101922
0 0.789370 0.487957 0.254198 0.158273
0 0.770193 0.614449 0.321344 0.231414
0 0.743010 0.799703 0.417271 0.350125
0 0.702563 0.940918 0.466833 0.118164
0 0.809359 0.354859 0.204635 0.093531
0 0.488818 0.363852 0.167865 0.101922
