0 0.261723 0.539016 0.130398 0.106719
0 0.873238 0.503646 0.164570 0.112708
0 0.964270 0.489854 0.071461 0.121104
0 0.729801 0.511432 0.140289 0.109115
0 0.616039 0.521031 0.125000 0.104312
0 0.489242 0.534818 0.123203 0.115115
0 0.341309 0.825589 0.210430 0.243406
0 0.143020 0.836979 0.184352 0.242208
0 0.592660 0.640333 0.159180 0.146292
0 0.749137 0.632542 0.166367 0.161875
0 0.917508 0.627141 0.164984 0.170260
0 0.044098 0.537219 0.087227 0.112708
0 0.152914 0.537214 0.126797 0.117510
0 0.384027 0.534219 0.117805 0.106708
0 0.440680 0.649328 0.139391 0.154677
0 0.293199 0.649328 0.135789 0.137885
0 0.142121 0.654120 0.132195 0.137885
0 0.041609 0.655922 0.083219 0.141490
0 0.942238 0.834578 0.115523 0.290177
0 0.766672 0.849542 0.253594 0.300917
0 0.553988 0.832776 0.200539 0.264990
