0 0.276652 0.186734 0.153773 0.260198
0 0.447516 0.282062 0.085438 0.179854
0 0.392660 0.463115 0.186148 0.357313
0 0.480789 0.474505 0.130391 0.296156
0 0.567570 0.496089 0.102516 0.269781
0 0.612984 0.494891 0.098016 0.224219
0 0.562172 0.350401 0.064750 0.146281
0 0.752824 0.779661 0.206836 0.237406
0 0.780699 0.716708 0.169070 0.190646
0 0.661996 0.385177 0.071945 0.105521
0 0.732137 0.868250 0.291367 0.263500
0 0.521258 0.324625 0.072844 0.125896
0 0.202910 0.415750 0.330039 0.586333
0 0.373773 0.258078 0.107016 0.194240
