0 0.926457 0.278401 0.147086 0.154552
0 0.041113 0.144109 0.082227 0.142802
0 0.120898 0.144714 0.133094 0.117385
0 0.244098 0.142313 0.145680 0.141604
0 0.367750 0.148969 0.132188 0.118708
0 0.481059 0.142250 0.150180 0.117500
0 0.610555 0.144708 0.144781 0.120021
0 0.726113 0.144708 0.151086 0.134167
0 0.855609 0.145307 0.154672 0.125781
0 0.952535 0.145911 0.094930 0.105635
0 0.097066 0.285000 0.148383 0.170146
0 0.225215 0.272406 0.158273 0.150000
0 0.368648 0.282062 0.157375 0.171458
0 0.501293 0.280260 0.170867 0.158271
0 0.646977 0.277802 0.160078 0.175187
0 0.793559 0.277745 0.174461 0.165469
0 0.036617 0.467250 0.073234 0.242083
0 0.147426 0.470849 0.202336 0.244719
0 0.324582 0.478583 0.198742 0.250604
0 0.494996 0.479781 0.205039 0.248208
0 0.676203 0.482839 0.220328 0.251927
0 0.863254 0.476844 0.227523 0.256708
0 0.968273 0.474443 0.063453 0.246885
0 0.053254 0.756219 0.106508 0.306833
0 0.193289 0.770609 0.277875 0.292677
0 0.435195 0.768812 0.288672 0.289083
0 0.678902 0.766417 0.285070 0.293646
0 0.889586 0.763953 0.220828 0.296156
