0 0.540776 0.157617 0.063948 0.075547
0 0.539177 0.090469 0.067146 0.063547
0 0.543172 0.504738 0.062344 0.081539
0 0.452047 0.713375 0.113510 0.136688
0 0.456036 0.598863 0.118302 0.130695
0 0.218625 0.083277 0.171063 0.159477
0 0.459240 0.384234 0.108708 0.104313
0 0.456839 0.278121 0.087927 0.103117
0 0.459240 0.180398 0.099125 0.104313
0 0.460036 0.083875 0.071948 0.110313
0 0.544771 0.736754 0.075146 0.082727
0 0.555161 0.653418 0.076740 0.093523
0 0.544771 0.576082 0.062354 0.089930
0 0.455245 0.490953 0.094323 0.113906
0 0.186651 0.886633 0.254198 0.214625
0 0.227422 0.666008 0.262198 0.248203
0 0.224229 0.248145 0.201437 0.223023
0 0.220229 0.450184 0.219021 0.229023
0 0.461635 0.838074 0.123104 0.148680
0 0.540771 0.430398 0.054354 0.083937
0 0.542370 0.363254 0.054365 0.069539
0 0.543172 0.290711 0.081531 0.075547
0 0.542375 0.224164 0.067146 0.067141
