0 0.096258 0.142490 0.128594 0.091125
0 0.781508 0.769594 0.358812 0.443646
0 0.948082 0.768391 0.103836 0.436448
0 0.472156 0.760599 0.317453 0.466427
0 0.170445 0.765391 0.316547 0.468823
0 0.860645 0.428464 0.229320 0.272177
0 0.666852 0.426667 0.201438 0.249396
0 0.488344 0.400281 0.187953 0.247000
0 0.298148 0.404479 0.197844 0.255396
0 0.125484 0.399682 0.206828 0.245802
0 0.764422 0.260000 0.160969 0.153479
0 0.700574 0.167667 0.121398 0.110312
0 0.672246 0.117313 0.104320 0.083937
0 0.649312 0.078344 0.089031 0.056354
0 0.628633 0.050766 0.071047 0.058760
0 0.619188 0.255802 0.134891 0.137896
0 0.497785 0.254000 0.152883 0.139083
0 0.356152 0.249208 0.132195 0.136688
0 0.226203 0.247406 0.158266 0.147479
0 0.109746 0.238411 0.168164 0.141490
0 0.203723 0.147885 0.093523 0.101917
0 0.293648 0.152682 0.122297 0.113906
0 0.396617 0.162276 0.112406 0.101927
0 0.496438 0.170672 0.119609 0.109115
0 0.588164 0.159875 0.107016 0.073146
0 0.581867 0.109516 0.090828 0.065948
0 0.503629 0.110120 0.085430 0.076740
0 0.421348 0.119109 0.089930 0.094719
0 0.336816 0.101724 0.089930 0.064740
0 0.258578 0.093932 0.098922 0.063552
0 0.173145 0.095724 0.093523 0.055156
0 0.107051 0.088531 0.117805 0.069542
0 0.876383 0.092734 0.100719 0.087531
0 0.931691 0.140693 0.085430 0.099510
0 0.057137 0.051964 0.091727 0.065948
