0 0.480699 0.412276 0.154680 0.081531
0 0.578270 0.413474 0.130398 0.062344
0 0.436637 0.352323 0.109711 0.064750
0 0.347156 0.350526 0.114203 0.063552
0 0.244637 0.346328 0.116008 0.055156
0 0.783758 0.412271 0.111516 0.067146
0 0.867391 0.414672 0.115109 0.081531
0 0.676746 0.416474 0.142086 0.087531
0 0.955070 0.408677 0.085438 0.059958
0 0.692930 0.349328 0.104312 0.063552
0 0.606148 0.348729 0.112406 0.062354
0 0.527465 0.357120 0.106117 0.076740
0 0.158758 0.860714 0.302156 0.258990
0 0.422695 0.836135 0.362406 0.248208
0 0.687086 0.805563 0.339031 0.242208
0 0.873684 0.783974 0.237414 0.256594
0 0.931688 0.520188 0.130391 0.129500
0 0.802641 0.529182 0.154672 0.133094
0 0.678090 0.538177 0.180758 0.151083
0 0.543648 0.546568 0.183453 0.146281
0 0.379980 0.561557 0.203242 0.176260
0 0.197875 0.555557 0.209531 0.154677
0 0.070180 0.548365 0.137594 0.123500
0 0.094906 0.426068 0.167266 0.113906
0 0.227555 0.423068 0.159172 0.107906
0 0.355250 0.417073 0.146578 0.083937
