0 0.716646 0.375395 0.059208 0.088820
0 0.584349 0.275129 0.075865 0.075633
0 0.655120 0.274777 0.073094 0.079102
0 0.729599 0.277555 0.079573 0.080484
0 0.806854 0.275129 0.065688 0.083961
0 0.869302 0.282758 0.059208 0.082578
0 0.023406 0.352496 0.046812 0.065227
0 0.068557 0.352844 0.078635 0.071469
0 0.143031 0.353883 0.079562 0.073547
0 0.217505 0.353535 0.071240 0.068695
0 0.284125 0.354926 0.086042 0.067305
0 0.364609 0.357004 0.071240 0.078414
0 0.429839 0.362211 0.066615 0.084656
0 0.504781 0.363250 0.081417 0.083953
0 0.576948 0.366719 0.072167 0.078406
0 0.650964 0.370188 0.066615 0.089516
0 0.505703 0.274430 0.075865 0.056203
0 0.792979 0.381289 0.065687 0.093672
0 0.856812 0.393434 0.093437 0.105477
0 0.063464 0.439578 0.077719 0.082578
0 0.137484 0.437496 0.066615 0.074242
0 0.207333 0.443738 0.063833 0.077023
0 0.277188 0.445129 0.072167 0.068695
0 0.355365 0.448945 0.074938 0.076328
0 0.423365 0.459008 0.062917 0.086734
0 0.489052 0.464906 0.053667 0.092984
0 0.564453 0.474965 0.061990 0.092289
0 0.634307 0.485027 0.074010 0.097148
0 0.693516 0.495438 0.066615 0.101312
0 0.760130 0.508621 0.074010 0.097148
0 0.821193 0.520418 0.064760 0.104086
0 0.873464 0.540191 0.050885 0.120039
0 0.949167 0.276320 0.085271 0.095922
0 0.938505 0.399223 0.085260 0.107914
0 0.948500 0.567090 0.078604 0.139883
0 0.019245 0.279289 0.038490 0.058984
0 0.071792 0.277902 0.081417 0.063148
0 0.147656 0.277555 0.083271 0.059672
0 0.221214 0.281023 0.071240 0.068000
0 0.293839 0.281023 0.075865 0.081875
0 0.365542 0.279289 0.065687 0.071469
0 0.438167 0.275125 0.072167 0.058984
