0 0.038461 0.351724 0.076922 0.073135
0 0.864898 0.779781 0.270203 0.207437
0 0.686184 0.815156 0.317445 0.239812
0 0.437086 0.819349 0.324641 0.241010
0 0.173145 0.845729 0.345320 0.241000
0 0.089512 0.511193 0.172664 0.133094
0 0.227102 0.512995 0.194250 0.151073
0 0.401562 0.518990 0.217625 0.148688
0 0.557586 0.520188 0.177156 0.148688
0 0.688434 0.529781 0.172664 0.127104
0 0.832316 0.522589 0.196039 0.129490
0 0.932590 0.528583 0.132195 0.119896
0 0.122336 0.358318 0.155578 0.098323
0 0.258129 0.370307 0.146586 0.105510
0 0.376383 0.372109 0.145688 0.111510
0 0.492840 0.383500 0.142992 0.115104
0 0.601203 0.388896 0.136688 0.104313
0 0.700121 0.390693 0.140289 0.091135
0 0.814332 0.402682 0.125898 0.086323
0 0.900211 0.400885 0.157375 0.094729
0 0.712715 0.322948 0.102523 0.082729
0 0.643922 0.318750 0.108812 0.067146
0 0.554891 0.312156 0.107016 0.080333
0 0.470355 0.303161 0.116008 0.071948
0 0.376832 0.292370 0.119602 0.057552
0 0.284207 0.284578 0.135789 0.073135
