0 0.759477 0.770333 0.446766 0.453229
0 0.310016 0.675370 0.212594 0.352510
0 0.203184 0.638682 0.173742 0.302156
0 0.119008 0.615656 0.128422 0.247479
0 0.056418 0.585437 0.089570 0.198563
0 0.867391 0.356667 0.261156 0.284896
0 0.677461 0.369615 0.198562 0.244604
0 0.522066 0.371776 0.176977 0.188490
0 0.404980 0.391917 0.137055 0.185604
0 0.331059 0.407745 0.131648 0.168344
0 0.244730 0.402703 0.092805 0.166906
0 0.381238 0.265297 0.091727 0.119427
0 0.457320 0.252349 0.103594 0.082010
0 0.547426 0.232203 0.117633 0.105031
0 0.655879 0.201984 0.146758 0.119427
0 0.798324 0.175370 0.211508 0.135260
0 0.484836 0.737958 0.279500 0.443167
