0 0.411906 0.771031 0.173563 0.136687
0 0.260375 0.753646 0.161875 0.118708
0 0.130879 0.734458 0.158273 0.118708
0 0.674047 0.602563 0.131297 0.094729
0 0.576926 0.601964 0.125898 0.110302
0 0.478453 0.585177 0.110609 0.079146
0 0.304441 0.571984 0.093523 0.076740
0 0.385828 0.576182 0.090828 0.082740
0 0.223055 0.557000 0.085437 0.061146
0 0.149766 0.557000 0.082734 0.075542
0 0.087266 0.544411 0.090828 0.050365
0 0.027668 0.536615 0.055336 0.053958
0 0.784656 0.850766 0.246406 0.171469
0 0.575574 0.824391 0.184352 0.178656
