0 0.491214 0.212531 0.185448 0.092328
0 0.843130 0.795867 0.313740 0.400484
0 0.490411 0.807855 0.570740 0.359711
0 0.182661 0.813852 0.351719 0.345328
0 0.124302 0.133996 0.129500 0.086336
0 0.217031 0.495508 0.346917 0.260187
0 0.497604 0.475121 0.313354 0.205039
0 0.764594 0.482320 0.303750 0.248203
0 0.928661 0.460734 0.142677 0.224219
0 0.300964 0.312652 0.265385 0.127102
0 0.488812 0.310254 0.225417 0.124695
0 0.675068 0.307254 0.217427 0.130695
0 0.863714 0.301863 0.239802 0.158273
0 0.341729 0.225727 0.209437 0.077937
0 0.636693 0.215531 0.169469 0.079141
0 0.772583 0.215531 0.188646 0.110313
0 0.900484 0.199344 0.153469 0.085125
0 0.432854 0.123805 0.110313 0.051562
