0 0.911094 0.306042 0.131297 0.136688
0 0.169187 0.777266 0.330937 0.438844
0 0.457855 0.769927 0.343523 0.460146
0 0.750570 0.780859 0.342625 0.395677
0 0.907887 0.774870 0.184227 0.434052
0 0.247426 0.432536 0.217633 0.241010
0 0.441223 0.421745 0.231117 0.248198
0 0.617027 0.444526 0.208633 0.245802
0 0.776203 0.454125 0.208641 0.257792
0 0.913730 0.461318 0.172539 0.272177
0 0.302285 0.280859 0.174461 0.184656
0 0.425031 0.277266 0.141187 0.148677
0 0.547789 0.288052 0.151078 0.175063
0 0.686273 0.303047 0.167266 0.178656
0 0.793289 0.292849 0.145688 0.146281
0 0.323863 0.182536 0.127695 0.098323
0 0.426832 0.193927 0.107008 0.101917
0 0.523055 0.193328 0.121406 0.081531
0 0.620629 0.202323 0.111508 0.097125
0 0.714152 0.210120 0.111508 0.098323
0 0.804980 0.211917 0.122305 0.092333
0 0.892211 0.218510 0.118703 0.091125
0 0.336902 0.133375 0.103414 0.064750
0 0.423684 0.138172 0.095320 0.079135
0 0.504172 0.139375 0.105219 0.074333
0 0.575664 0.147771 0.100719 0.064750
0 0.661547 0.149563 0.092625 0.051563
0 0.736187 0.150760 0.092625 0.056354
0 0.093199 0.090214 0.096227 0.083927
0 0.047785 0.122589 0.088133 0.095927
