0 0.933260 0.382801 0.123104 0.181055
0 0.880500 0.274285 0.222229 0.103117
0 0.693448 0.261695 0.219021 0.092328
0 0.505599 0.263496 0.223823 0.098320
0 0.356120 0.198746 0.183844 0.081539
0 0.509594 0.204141 0.171063 0.073141
0 0.209839 0.376203 0.332531 0.196641
0 0.142490 0.666371 0.284979 0.438852
0 0.840729 0.684953 0.318542 0.454437
0 0.483214 0.685555 0.626698 0.462828
0 0.316953 0.262293 0.223823 0.124695
0 0.655078 0.210734 0.199844 0.067141
0 0.783776 0.207141 0.172656 0.040766
0 0.907677 0.210137 0.151875 0.046758
0 0.175464 0.147785 0.107115 0.070742
0 0.774984 0.384594 0.340531 0.201438
0 0.500802 0.385797 0.322937 0.225422
