0 0.108696 0.247483 0.111192 0.109353
0 0.216527 0.248204 0.106392 0.084885
0 0.322442 0.253961 0.109269 0.102148
0 0.426915 0.247488 0.124600 0.106478
0 0.524685 0.248920 0.111185 0.097841
0 0.626762 0.243886 0.102554 0.093522
0 0.727881 0.248926 0.090100 0.103603
0 0.821819 0.255398 0.090100 0.102159
0 0.914792 0.255398 0.088185 0.084885
0 0.979442 0.241010 0.041115 0.064746
0 0.862073 0.194971 0.090100 0.093522
0 0.768619 0.184896 0.077638 0.087760
0 0.679958 0.190652 0.084346 0.099273
0 0.588423 0.186334 0.089138 0.084885
0 0.488738 0.178418 0.104477 0.086328
0 0.389535 0.187055 0.099685 0.100716
0 0.290812 0.183453 0.103515 0.105035
0 0.198315 0.187771 0.133231 0.099284
0 0.084254 0.174105 0.091062 0.092090
0 0.073231 0.119428 0.086262 0.086339
0 0.169562 0.117991 0.091062 0.092079
0 0.262058 0.125185 0.084346 0.074827
0 0.359819 0.127344 0.074762 0.056120
0 0.450881 0.130219 0.084346 0.082009
0 0.544812 0.128782 0.086269 0.079134
0 0.640662 0.133095 0.080508 0.084896
0 0.721654 0.118707 0.085308 0.110785
0 0.804085 0.128782 0.075723 0.102159
0 0.888431 0.135976 0.079554 0.099273
0 0.963627 0.133095 0.072746 0.084896
0 0.059812 0.071946 0.090100 0.089203
0 0.146077 0.074827 0.069015 0.086328
0 0.238573 0.072667 0.066131 0.084896
0 0.318127 0.076986 0.068054 0.076259
0 0.409665 0.079140 0.074762 0.069065
0 0.380427 0.034538 0.087223 0.060439
0 0.504554 0.082021 0.076677 0.063303
0 0.471969 0.043891 0.082431 0.053233
0 0.592735 0.086339 0.065177 0.094965
0 0.553919 0.046045 0.081469 0.074815
0 0.672292 0.087055 0.067092 0.076259
0 0.633473 0.044607 0.071885 0.066189
0 0.752804 0.084174 0.074762 0.082021
0 0.827565 0.082737 0.065177 0.079145
0 0.703442 0.038851 0.077638 0.060427
0 0.776288 0.040289 0.058469 0.057552
0 0.852488 0.041732 0.074762 0.071940
0 0.926292 0.051080 0.074769 0.073383
0 0.905685 0.076986 0.081477 0.061871
0 0.975127 0.080577 0.049746 0.074827
0 0.943065 0.190647 0.077638 0.090647
0 0.943977 0.807194 0.112046 0.210069
0 0.807915 0.812950 0.186908 0.198557
0 0.652642 0.830219 0.217577 0.204319
0 0.465738 0.835254 0.206077 0.191363
0 0.273558 0.843891 0.189777 0.194249
0 0.088854 0.861876 0.177708 0.201443
0 0.904723 0.930219 0.171569 0.139561
0 0.721173 0.935260 0.162946 0.120866
0 0.519888 0.946045 0.176362 0.107910
0 0.959312 0.654677 0.081377 0.138129
0 0.851531 0.676980 0.159108 0.151074
0 0.711588 0.693533 0.143777 0.166905
0 0.552958 0.702881 0.146654 0.188487
0 0.402477 0.705762 0.133231 0.171224
0 0.234738 0.710075 0.150477 0.179850
0 0.065369 0.733095 0.130738 0.191363
0 0.199754 0.605762 0.143769 0.143880
0 0.058181 0.597846 0.116362 0.122298
0 0.353112 0.592812 0.132269 0.146755
0 0.488738 0.587771 0.127477 0.142448
0 0.624842 0.563308 0.140900 0.116547
0 0.753762 0.562592 0.130354 0.146755
0 0.891304 0.565473 0.115977 0.158268
0 0.942058 0.471224 0.115885 0.113672
0 0.814146 0.476264 0.116938 0.155393
0 0.692419 0.484174 0.118854 0.151074
0 0.568292 0.484180 0.123646 0.142448
0 0.438900 0.490652 0.133231 0.126617
0 0.321962 0.500000 0.144738 0.148199
0 0.169081 0.498568 0.143777 0.133811
0 0.052912 0.486339 0.105823 0.123741
0 0.954519 0.397125 0.090962 0.115104
0 0.854885 0.400006 0.102554 0.126617
0 0.746096 0.400006 0.115023 0.120866
0 0.625804 0.401443 0.114054 0.129492
0 0.517015 0.402881 0.115015 0.112229
0 0.389054 0.400727 0.123646 0.119423
0 0.272119 0.407200 0.131315 0.112229
0 0.147996 0.400006 0.122685 0.106478
0 0.034219 0.396409 0.068438 0.110785
0 0.972250 0.315831 0.055500 0.090647
0 0.900412 0.320150 0.107346 0.110785
0 0.794500 0.325901 0.098723 0.105035
0 0.679481 0.317269 0.121731 0.122298
0 0.576923 0.317985 0.104477 0.097841
0 0.459027 0.317275 0.106392 0.119423
0 0.348319 0.320866 0.120777 0.109353
0 0.236177 0.320866 0.107354 0.103603
0 0.121635 0.320872 0.121731 0.120866
