0 0.343473 0.698492 0.212867 0.542623
0 0.477193 0.645754 0.169987 0.490852
0 0.577780 0.594000 0.154387 0.440984
0 0.651467 0.554689 0.127093 0.389246
0 0.718513 0.497164 0.102147 0.274197
0 0.771927 0.487590 0.099800 0.293344
0 0.225727 0.377328 0.147373 0.371967
0 0.339960 0.330361 0.124747 0.285705
0 0.434693 0.319803 0.109947 0.256918
0 0.513447 0.304475 0.108387 0.237738
0 0.581673 0.300639 0.092013 0.214721
0 0.641327 0.300639 0.075640 0.199377
0 0.906520 0.422033 0.049280 0.227672
0 0.856433 0.457984 0.084467 0.264951
0 0.933053 0.409393 0.046027 0.202393
0 0.692093 0.282230 0.074187 0.163803
0 0.733793 0.284230 0.068760 0.162426
0 0.772233 0.274918 0.072013 0.157115
0 0.157387 0.193016 0.123467 0.302230
0 0.259187 0.143082 0.103973 0.178426
0 0.340680 0.138426 0.090427 0.153115
0 0.412147 0.141082 0.090427 0.147803
0 0.477127 0.146410 0.077427 0.137148
0 0.536420 0.147082 0.073640 0.117180
0 0.589213 0.142426 0.062267 0.113180
0 0.634427 0.149738 0.055227 0.095869
0 0.674387 0.151672 0.042107 0.088197
0 0.709473 0.154541 0.046787 0.070918
0 0.741440 0.164131 0.049893 0.078623
