0 0.777311 0.773708 0.271467 0.452583
0 0.553333 0.689208 0.226378 0.384317
0 0.386428 0.615750 0.189922 0.346767
0 0.274678 0.551800 0.152511 0.287633
0 0.176833 0.508558 0.121822 0.258983
0 0.078994 0.458275 0.106478 0.218850
0 0.039189 0.435900 0.074822 0.214400
0 0.870839 0.438125 0.207189 0.287917
0 0.687622 0.407842 0.191844 0.250350
0 0.560528 0.374825 0.125656 0.232950
0 0.438706 0.348200 0.121833 0.182600
0 0.347094 0.334458 0.118944 0.195683
0 0.260767 0.302225 0.105511 0.151083
0 0.191700 0.295683 0.074822 0.166767
0 0.136550 0.276983 0.085367 0.143733
0 0.085706 0.267558 0.056589 0.142450
0 0.939256 0.258275 0.121489 0.218850
0 0.787867 0.229575 0.131422 0.204317
0 0.668922 0.235967 0.121822 0.180000
0 0.555733 0.215758 0.125667 0.159717
0 0.477550 0.211508 0.090167 0.131083
0 0.394583 0.195758 0.071944 0.145317
0 0.333672 0.190575 0.070989 0.106483
0 0.278994 0.189142 0.059478 0.117983
0 0.220961 0.166975 0.073856 0.099283
