0 0.102723 0.729446 0.205446 0.355397
0 0.255708 0.686998 0.223262 0.284895
0 0.389027 0.635199 0.180931 0.273389
0 0.484788 0.582683 0.158715 0.197123
0 0.557265 0.552463 0.138608 0.156831
0 0.600123 0.530162 0.114277 0.152521
0 0.075300 0.438797 0.148138 0.205753
0 0.181638 0.436637 0.155538 0.201433
0 0.291681 0.420089 0.132269 0.156831
0 0.375800 0.415774 0.110046 0.139561
0 0.441931 0.409299 0.094169 0.135251
0 0.495896 0.401386 0.079362 0.116538
0 0.538750 0.391313 0.074069 0.093525
0 0.056165 0.284121 0.112331 0.120858
0 0.152012 0.294195 0.132269 0.123745
0 0.244596 0.299226 0.103700 0.116548
0 0.311258 0.303546 0.088885 0.096402
0 0.375273 0.311459 0.087823 0.089215
0 0.047788 0.193473 0.095223 0.094958
0 0.124504 0.202824 0.111100 0.082008
0 0.197508 0.216491 0.085708 0.074822
0 0.253588 0.225126 0.068777 0.066192
0 0.036592 0.127286 0.073185 0.071935
0 0.111804 0.145994 0.077238 0.071946
0 0.176346 0.164691 0.066662 0.054676
0 0.668369 0.818651 0.212677 0.188494
0 0.726035 0.766135 0.158715 0.210073
0 0.771531 0.704984 0.152369 0.171224
0 0.802219 0.670450 0.135438 0.156841
0 0.825496 0.619372 0.112162 0.115105
0 0.470669 0.312296 0.080215 0.078274
0 0.504350 0.318128 0.065515 0.066611
0 0.535273 0.316459 0.056331 0.059948
0 0.609977 0.387233 0.071031 0.076600
0 0.680700 0.493818 0.088785 0.101590
0 0.705804 0.480910 0.078992 0.090753
0 0.747750 0.465926 0.072254 0.082437
0 0.668758 0.386407 0.035515 0.064948
0 0.688354 0.385570 0.037969 0.064948
0 0.581504 0.323541 0.034900 0.052458
0 0.605688 0.327699 0.039192 0.057448
