0 0.434119 0.583619 0.379412 0.476256
0 0.746506 0.610948 0.355638 0.459002
0 0.907031 0.581456 0.185938 0.376988
0 0.697862 0.855474 0.465875 0.289052
0 0.246513 0.833170 0.493025 0.333661
0 0.149769 0.517429 0.299538 0.433095
0 0.072006 0.251955 0.143763 0.221581
0 0.265487 0.286489 0.260500 0.267621
0 0.504375 0.324617 0.267000 0.225907
0 0.720563 0.346922 0.247525 0.215840
0 0.895131 0.371389 0.198888 0.178419
0 0.915675 0.251955 0.168625 0.129501
0 0.760019 0.215982 0.216188 0.123744
0 0.581662 0.192246 0.198900 0.136705
0 0.400062 0.167072 0.227000 0.164027
0 0.192531 0.124617 0.261588 0.174093
