0 0.174513 0.781250 0.300975 0.437500
0 0.349556 0.741063 0.230012 0.466275
0 0.468075 0.724688 0.164525 0.508375
0 0.563200 0.692712 0.133325 0.466275
0 0.634937 0.656062 0.127100 0.424175
0 0.694975 0.590575 0.089675 0.321250
0 0.097000 0.464262 0.194000 0.290075
0 0.243125 0.440087 0.194925 0.266675
0 0.385425 0.416688 0.173875 0.235475
0 0.464569 0.401100 0.137238 0.182450
0 0.541762 0.385513 0.107600 0.145025
0 0.601019 0.386287 0.090438 0.134125
0 0.127331 0.251400 0.175437 0.204300
0 0.244681 0.267762 0.137237 0.184025
0 0.326556 0.263088 0.101363 0.152825
0 0.400244 0.267762 0.092788 0.152825
0 0.464569 0.271663 0.084212 0.129425
0 0.513300 0.261525 0.064725 0.106050
0 0.564375 0.275575 0.073300 0.115400
0 0.121487 0.136775 0.116950 0.143450
0 0.209981 0.138338 0.084987 0.121625
0 0.292637 0.152375 0.074075 0.099800
0 0.363594 0.168750 0.063162 0.113850
0 0.866906 0.863475 0.154387 0.271350
0 0.905894 0.808900 0.138787 0.299400
0 0.938256 0.744175 0.117738 0.238600
