0 0.803779 0.518177 0.092806 0.116545
0 0.742266 0.520339 0.069063 0.103594
0 0.688311 0.508108 0.047480 0.073385
0 0.675361 0.627535 0.084173 0.142448
0 0.907917 0.667101 0.130573 0.210069
0 0.685615 0.863503 0.154316 0.240286
0 0.815648 0.892999 0.161868 0.212943
0 0.623021 0.634010 0.070143 0.141007
0 0.581475 0.612422 0.056113 0.103594
0 0.506475 0.757747 0.093887 0.141016
0 0.473649 0.735052 0.047962 0.131892
0 0.445921 0.708073 0.052454 0.105920
0 0.423815 0.699080 0.036719 0.105920
0 0.648258 0.521719 0.044967 0.078941
0 0.614535 0.524718 0.034473 0.080929
0 0.590931 0.525217 0.045716 0.067951
0 0.566576 0.528715 0.043464 0.078941
0 0.541471 0.528216 0.033724 0.069939
