0 0.070396 0.601157 0.140791 0.474817
0 0.184458 0.558712 0.206338 0.387057
0 0.290503 0.545761 0.149717 0.338141
0 0.373521 0.526332 0.123799 0.299283
0 0.441177 0.511230 0.115166 0.257540
0 0.330811 0.866764 0.253359 0.266471
0 0.458452 0.839429 0.207295 0.321142
0 0.543384 0.805469 0.171787 0.342445
0 0.590894 0.742884 0.138193 0.263309
0 0.092329 0.260146 0.156436 0.221581
0 0.198374 0.287489 0.128604 0.187042
0 0.275630 0.299722 0.093096 0.171215
0 0.330332 0.315542 0.098848 0.174100
0 0.384077 0.316984 0.081572 0.153968
0 0.134077 0.131376 0.101729 0.128053
0 0.056479 0.119143 0.112959 0.155388
0 0.206050 0.163031 0.095967 0.133821
0 0.264116 0.186054 0.089248 0.122299
