0 0.159275 0.736750 0.318150 0.497600
0 0.367100 0.664800 0.329333 0.435250
0 0.536575 0.601862 0.265383 0.342925
0 0.656875 0.555087 0.205450 0.280575
0 0.768383 0.523913 0.195033 0.220625
0 0.829142 0.490950 0.182250 0.193050
0 0.909375 0.846462 0.181250 0.270975
0 0.853117 0.886037 0.259000 0.225425
0 0.126500 0.269125 0.251000 0.269800
0 0.305158 0.271525 0.240617 0.300950
0 0.431858 0.269725 0.188650 0.249400
0 0.554150 0.282912 0.166267 0.232625
0 0.686050 0.290712 0.087933 0.149875
0 0.752392 0.304487 0.105517 0.158275
