0 0.921700 0.845553 0.156600 0.308894
0 0.680342 0.840998 0.292950 0.297354
0 0.452792 0.831399 0.250583 0.287787
0 0.223392 0.834403 0.245050 0.300954
0 0.087508 0.808026 0.174117 0.248200
0 0.947033 0.589794 0.105933 0.224230
0 0.777533 0.592191 0.236767 0.233796
0 0.592358 0.589197 0.205450 0.208633
0 0.403958 0.585586 0.182417 0.187050
0 0.244125 0.585597 0.172283 0.199046
0 0.098108 0.583796 0.149250 0.195445
0 0.971450 0.411735 0.057100 0.139089
0 0.854000 0.417126 0.177800 0.164273
0 0.699683 0.417126 0.160300 0.147484
0 0.549058 0.428525 0.166750 0.153492
0 0.394750 0.427928 0.173200 0.140282
0 0.262550 0.431518 0.148333 0.123514
0 0.138633 0.428525 0.160300 0.124685
0 0.054117 0.430325 0.108233 0.106725
0 0.911117 0.297223 0.128067 0.118698
0 0.760025 0.294219 0.126217 0.117505
0 0.637500 0.310423 0.128067 0.113905
0 0.505300 0.314013 0.138200 0.097137
0 0.373567 0.321811 0.140033 0.117505
0 0.282358 0.329002 0.116083 0.098308
0 0.171350 0.337397 0.137267 0.088720
0 0.081058 0.338601 0.122517 0.083926
0 0.935992 0.210304 0.107783 0.086334
0 0.821292 0.208503 0.110550 0.106725
0 0.701525 0.222885 0.110550 0.092321
0 0.588217 0.228286 0.112400 0.095922
0 0.473517 0.229479 0.117000 0.079132
0 0.385533 0.241475 0.101333 0.079132
0 0.287875 0.240271 0.090283 0.067137
0 0.199442 0.249870 0.068183 0.076746
0 0.118367 0.258254 0.068167 0.071952
0 0.043750 0.260054 0.073700 0.068351
0 0.069542 0.204295 0.075550 0.059957
0 0.139558 0.192321 0.060817 0.069544
0 0.212800 0.193514 0.069100 0.059957
0 0.306308 0.189913 0.088450 0.057570
0 0.382317 0.180325 0.082000 0.059957
0 0.475367 0.172527 0.104100 0.053948
0 0.558275 0.161139 0.067250 0.071952
0 0.649933 0.156941 0.079233 0.063557
0 0.750358 0.152744 0.092117 0.071952
0 0.862750 0.145542 0.105033 0.074338
0 0.953950 0.135358 0.092100 0.073145
