0 0.297110 0.176885 0.068100 0.164224
0 0.354665 0.200680 0.052030 0.147327
0 0.188425 0.607411 0.174990 0.454296
0 0.070740 0.618138 0.137680 0.506492
0 0.314145 0.641169 0.131770 0.448162
0 0.405465 0.631193 0.101030 0.360668
0 0.471350 0.627363 0.099040 0.313103
0 0.529615 0.639642 0.073950 0.306969
0 0.576525 0.632733 0.061030 0.244033
0 0.612860 0.632733 0.048940 0.225609
0 0.580705 0.905000 0.091250 0.190000
0 0.641800 0.891957 0.069520 0.216086
0 0.685850 0.883675 0.059740 0.217947
0 0.717655 0.872160 0.065590 0.204129
0 0.750130 0.869081 0.054660 0.234821
0 0.065275 0.247494 0.126750 0.317709
0 0.175530 0.282017 0.102900 0.273198
0 0.261095 0.320394 0.083670 0.254773
0 0.339230 0.352625 0.082900 0.208735
0 0.408360 0.384081 0.070680 0.237900
0 0.460775 0.408640 0.057170 0.207208
0 0.499035 0.425537 0.052790 0.188783
0 0.536660 0.430895 0.044440 0.165752
0 0.571415 0.448544 0.036650 0.139666
0 0.164955 0.096313 0.086750 0.184177
0 0.237300 0.136217 0.061680 0.184177
0 0.402570 0.229833 0.052800 0.141193
0 0.445980 0.275119 0.045720 0.151957
0 0.484280 0.298138 0.045020 0.115131
0 0.519615 0.320394 0.041090 0.107422
