0 0.868100 0.904047 0.224400 0.190646
0 0.756300 0.713401 0.149340 0.221817
0 0.894450 0.739182 0.152520 0.242207
0 0.972580 0.739782 0.054840 0.226622
0 0.963795 0.571914 0.072410 0.128303
0 0.896445 0.576712 0.114990 0.140300
0 0.719565 0.573116 0.087050 0.130706
0 0.801020 0.573716 0.085440 0.127102
0 0.961800 0.489775 0.076400 0.067147
0 0.889260 0.489182 0.081460 0.075541
0 0.817790 0.489782 0.074260 0.069535
0 0.761490 0.493378 0.079860 0.071952
0 0.691615 0.495781 0.051910 0.083934
0 0.951550 0.435225 0.079860 0.058739
0 0.883670 0.438821 0.060700 0.051547
0 0.831765 0.436419 0.068670 0.056351
0 0.780255 0.440623 0.072670 0.055150
0 0.723160 0.441817 0.054300 0.045556
0 0.680840 0.439422 0.044720 0.035961
0 0.934375 0.392065 0.048710 0.044369
0 0.887665 0.399850 0.063890 0.035976
0 0.841345 0.399257 0.063890 0.039565
0 0.787845 0.398056 0.041530 0.032387
0 0.747515 0.401659 0.045510 0.025180
0 0.303515 0.797335 0.107810 0.243408
0 0.234840 0.775150 0.064680 0.213423
0 0.179340 0.749369 0.079860 0.183453
0 0.143405 0.730788 0.052710 0.165480
0 0.098680 0.707410 0.055900 0.145090
0 0.068340 0.693018 0.041520 0.128288
0 0.043980 0.675631 0.045520 0.115105
0 0.399745 0.654054 0.060690 0.167868
0 0.348235 0.634865 0.048710 0.139099
0 0.299525 0.618078 0.047110 0.110300
0 0.263985 0.619880 0.059090 0.121111
0 0.225255 0.606089 0.031150 0.117492
0 0.192915 0.597695 0.044710 0.098333
0 0.162965 0.588701 0.037530 0.077943
0 0.140210 0.586899 0.044720 0.074339
0 0.116650 0.584505 0.035940 0.088739
0 0.450850 0.559324 0.038340 0.105526
0 0.405330 0.541937 0.044720 0.085135
0 0.370195 0.537140 0.039930 0.073138
0 0.335860 0.538941 0.033540 0.081547
0 0.304715 0.534152 0.046310 0.059955
0 0.271175 0.528153 0.028750 0.067147
0 0.245620 0.527553 0.030340 0.056366
0 0.222860 0.525751 0.031140 0.052763
0 0.442865 0.481989 0.028750 0.053949
0 0.093225 0.579384 0.032730 0.083844
0 0.076280 0.570998 0.033500 0.062447
