0 0.964493 0.219337 0.071013 0.113956
0 0.857786 0.562936 0.204395 0.262432
0 0.673497 0.557764 0.184869 0.241720
0 0.496087 0.551708 0.181422 0.236536
0 0.323268 0.570713 0.184869 0.253808
0 0.145866 0.569840 0.158464 0.245184
0 0.861234 0.349693 0.153873 0.157125
0 0.968505 0.354017 0.062990 0.169214
0 0.713685 0.359201 0.157304 0.158845
0 0.575310 0.356609 0.158464 0.167469
0 0.428342 0.360921 0.156160 0.169214
0 0.279641 0.352285 0.148137 0.176118
0 0.125196 0.364373 0.135490 0.186486
0 0.027002 0.354017 0.054003 0.145037
0 0.026430 0.541351 0.052859 0.215823
0 0.964575 0.106241 0.068889 0.115676
0 0.893382 0.130418 0.137778 0.139853
0 0.872712 0.221069 0.128595 0.141597
0 0.752729 0.223661 0.134346 0.139853
0 0.624690 0.223661 0.137778 0.139853
0 0.500106 0.225381 0.125147 0.157101
0 0.366912 0.221929 0.118268 0.136388
0 0.246912 0.224521 0.119412 0.138133
0 0.130359 0.223661 0.125163 0.139853
0 0.030449 0.216744 0.060899 0.108771
0 0.763627 0.125233 0.124020 0.139853
0 0.660294 0.119201 0.101046 0.117420
0 0.553497 0.115737 0.110229 0.103612
0 0.445564 0.114005 0.114820 0.113956
0 0.336479 0.113157 0.103350 0.108771
0 0.227394 0.118329 0.105637 0.136413
0 0.113137 0.114877 0.109085 0.132948
0 0.032173 0.109705 0.064346 0.101867
