0 0.845382 0.738251 0.306764 0.523169
0 0.586855 0.712322 0.341273 0.571530
0 0.431164 0.642404 0.199927 0.486885
0 0.273745 0.573333 0.160873 0.414426
0 0.222618 0.897158 0.313673 0.205683
0 0.090909 0.831475 0.181818 0.333224
0 0.178382 0.517213 0.158582 0.333224
0 0.093364 0.487869 0.126364 0.336721
0 0.894818 0.363552 0.210364 0.309071
0 0.717836 0.348880 0.143600 0.272842
0 0.546073 0.318661 0.126400 0.226175
0 0.421382 0.284126 0.159709 0.177869
0 0.319709 0.284126 0.135564 0.181257
0 0.228945 0.265109 0.091927 0.150219
