0 0.689072 0.652289 0.247121 0.446047
0 0.695008 0.445094 0.217984 0.189927
0 0.720908 0.360922 0.144605 0.125177
0 0.350762 0.811281 0.233094 0.346760
0 0.434396 0.627828 0.173738 0.270500
0 0.502383 0.497612 0.126258 0.159714
0 0.116590 0.852289 0.200719 0.270505
0 0.241230 0.710562 0.150000 0.208635
0 0.339434 0.584664 0.083094 0.146766
0 0.087455 0.750130 0.120863 0.141010
0 0.197525 0.668115 0.103598 0.143885
0 0.542309 0.409122 0.074461 0.094964
0 0.585477 0.355885 0.098203 0.063313
0 0.724686 0.303367 0.137051 0.093526
