0 0.611765 0.186593 0.127778 0.098431
0 0.498382 0.170184 0.128922 0.072525
0 0.391912 0.173652 0.097843 0.093235
0 0.953505 0.798676 0.092990 0.307353
0 0.778088 0.815944 0.278562 0.341887
0 0.511046 0.808174 0.246340 0.312525
0 0.243415 0.820270 0.254379 0.340147
0 0.063864 0.814216 0.127729 0.310784
0 0.893775 0.527610 0.210654 0.196838
0 0.697516 0.515515 0.197974 0.200294
0 0.518521 0.539681 0.229069 0.217549
0 0.317092 0.543150 0.176111 0.227917
0 0.122557 0.554363 0.192239 0.226176
0 0.935792 0.354081 0.124330 0.119142
0 0.808023 0.359265 0.177255 0.139853
0 0.646871 0.367022 0.151944 0.141593
0 0.497230 0.364436 0.138121 0.146765
0 0.353342 0.367022 0.163448 0.151936
0 0.197377 0.361838 0.141585 0.155392
0 0.066168 0.367022 0.132337 0.134681
0 0.870180 0.251348 0.135817 0.117402
0 0.745286 0.253934 0.150801 0.129485
0 0.624420 0.255662 0.136977 0.108775
0 0.501258 0.253064 0.118562 0.100147
0 0.366585 0.248750 0.090948 0.098431
0 0.252051 0.251336 0.119722 0.103603
0 0.120825 0.247022 0.105899 0.105319
0 0.031062 0.248750 0.062124 0.094951
0 0.911038 0.170196 0.090931 0.075980
0 0.789608 0.171924 0.066765 0.079436
0 0.712475 0.178824 0.105899 0.086324
0 0.291765 0.181422 0.104739 0.077696
0 0.181838 0.171912 0.101291 0.069069
0 0.082214 0.175368 0.097958 0.075980
