0 0.914943 0.750343 0.170114 0.362598
0 0.741258 0.761569 0.285458 0.371225
0 0.500106 0.752929 0.238284 0.357426
0 0.776364 0.341985 0.127761 0.126029
0 0.261258 0.757243 0.225621 0.334975
0 0.077108 0.746017 0.154216 0.343603
0 0.937966 0.501703 0.124069 0.203750
0 0.819534 0.499975 0.177271 0.203725
0 0.660678 0.499975 0.172663 0.214118
0 0.502410 0.488750 0.148480 0.198578
0 0.323995 0.490478 0.162304 0.205466
0 0.167443 0.494792 0.162304 0.189926
0 0.059837 0.480980 0.119673 0.169216
0 0.905866 0.356654 0.145033 0.127770
0 0.669314 0.354069 0.134673 0.132941
0 0.560539 0.351483 0.117418 0.127770
0 0.452917 0.341115 0.162304 0.127770
0 0.320539 0.348897 0.120850 0.150196
0 0.200825 0.346311 0.120866 0.134681
0 0.101266 0.342855 0.131225 0.113946
0 0.912198 0.263431 0.100147 0.113971
0 0.819534 0.263419 0.099003 0.096691
0 0.726871 0.272929 0.090931 0.094975
0 0.630760 0.256520 0.085180 0.082892
0 0.538668 0.258260 0.096683 0.093235
0 0.454069 0.266017 0.097843 0.098407
0 0.353922 0.263419 0.079412 0.096691
0 0.263562 0.266017 0.082876 0.098407
0 0.177230 0.263431 0.094395 0.082892
0 0.092623 0.259975 0.090931 0.086324
0 0.027034 0.257390 0.054069 0.081152
0 0.925433 0.215956 0.073676 0.077696
0 0.837377 0.211630 0.074820 0.065613
0 0.764853 0.208174 0.067908 0.058701
0 0.694649 0.215944 0.095539 0.081152
0 0.611185 0.209902 0.085180 0.072500
0 0.534649 0.208174 0.074820 0.058701
0 0.446005 0.200404 0.060997 0.056985
0 0.372917 0.209044 0.064461 0.070784
0 0.302704 0.211630 0.085180 0.072525
0 0.228448 0.207316 0.072516 0.063897
0 0.159967 0.213358 0.082876 0.075980
0 0.080539 0.207316 0.078268 0.060417
