0 0.470000 0.810337 0.234067 0.379325
0 0.567367 0.696225 0.146767 0.329500
0 0.615800 0.624287 0.115100 0.300725
0 0.659450 0.553063 0.093033 0.250375
0 0.684875 0.492625 0.088250 0.198550
0 0.208125 0.653775 0.230217 0.414400
0 0.340025 0.548750 0.173617 0.290650
0 0.414842 0.491900 0.127583 0.246050
0 0.473350 0.444425 0.116067 0.231650
0 0.517483 0.420687 0.087300 0.221575
0 0.556325 0.384712 0.070983 0.178425
0 0.135708 0.382550 0.169783 0.205750
0 0.244100 0.360250 0.133333 0.181300
0 0.315567 0.325725 0.103600 0.166900
0 0.380308 0.306287 0.083450 0.139575
0 0.427317 0.287587 0.077700 0.133825
