0 0.272803 0.917929 0.178740 0.164142
0 0.434787 0.892893 0.185440 0.214214
0 0.558228 0.876491 0.182090 0.247017
0 0.639778 0.843630 0.150810 0.236543
0 0.721328 0.807370 0.144110 0.226188
0 0.776625 0.768521 0.125117 0.193385
0 0.836952 0.751255 0.120650 0.193380
0 0.876050 0.721038 0.100540 0.177841
0 0.919058 0.699456 0.101657 0.165755
0 0.154947 0.760752 0.204433 0.240000
0 0.275038 0.734853 0.167570 0.243452
0 0.384517 0.697731 0.147460 0.231370
0 0.479472 0.681327 0.151930 0.195111
0 0.547617 0.658882 0.113947 0.160577
0 0.617993 0.642478 0.129587 0.158846
0 0.669940 0.626940 0.121767 0.155394
0 0.712392 0.599312 0.083783 0.113957
0 0.058203 0.576868 0.116407 0.176115
0 0.159417 0.574279 0.124000 0.174389
0 0.259957 0.560464 0.128467 0.143308
0 0.340390 0.549243 0.106127 0.148490
0 0.417470 0.529384 0.088253 0.122591
0 0.480030 0.533702 0.077080 0.124312
0 0.544823 0.525067 0.068147 0.117409
0 0.586157 0.519024 0.070380 0.129495
0 0.635868 0.519889 0.080430 0.134678
0 0.683905 0.511257 0.067030 0.124317
0 0.717977 0.494853 0.070380 0.112231
0 0.755958 0.500896 0.061443 0.100144
0 0.801203 0.586363 0.080433 0.105327
0 0.836952 0.579456 0.091603 0.101870
0 0.073957 0.457731 0.113947 0.148485
0 0.168912 0.464637 0.093837 0.145039
0 0.248785 0.456868 0.079317 0.112231
0 0.314137 0.444781 0.096073 0.136404
0 0.385075 0.449961 0.065910 0.119140
0 0.438138 0.443055 0.055857 0.091510
0 0.489525 0.443916 0.069263 0.100144
0 0.540913 0.451687 0.055853 0.081149
0 0.033627 0.379168 0.067253 0.105322
0 0.099092 0.380896 0.099423 0.129500
0 0.184552 0.377442 0.089370 0.122591
0 0.244875 0.373990 0.069263 0.098418
0 0.318607 0.378308 0.096073 0.093235
0 0.371110 0.373127 0.051387 0.082875
0 0.420263 0.382622 0.064793 0.077702
0 0.468300 0.385214 0.051387 0.072519
0 0.505165 0.378305 0.055857 0.072519
0 0.541472 0.382622 0.036863 0.084606
0 0.579453 0.380894 0.045800 0.077697
0 0.618553 0.392983 0.039100 0.063885
0 0.591185 0.436146 0.058090 0.063885
0 0.624138 0.434420 0.048037 0.070788
0 0.653743 0.435283 0.046920 0.082880
0 0.685582 0.432694 0.048037 0.074240
0 0.817400 0.498308 0.054740 0.101870
0 0.845330 0.481904 0.056973 0.072514
0 0.928555 0.572553 0.069263 0.126043
0 0.950338 0.558738 0.074850 0.105327
0 0.915148 0.923109 0.089370 0.153782
0 0.964277 0.898019 0.071447 0.183024
0 0.835833 0.954132 0.093840 0.091510
0 0.053288 0.309240 0.081550 0.110505
0 0.129253 0.319601 0.083787 0.113957
0 0.187902 0.310103 0.058090 0.088058
0 0.245992 0.317875 0.058090 0.069062
0 0.300173 0.319601 0.045800 0.072514
0 0.349327 0.326507 0.048033 0.093241
0 0.252138 0.272120 0.050270 0.050072
0 0.302967 0.276435 0.046920 0.055250
