0 0.647740 0.358458 0.144160 0.151946
0 0.491460 0.363623 0.131480 0.155389
0 0.343260 0.363623 0.160320 0.155389
0 0.191580 0.364506 0.154560 0.150210
0 0.065800 0.365359 0.131600 0.148503
0 0.118910 0.262635 0.101500 0.105329
0 0.780960 0.814760 0.292960 0.370479
0 0.956800 0.803907 0.086400 0.317695
0 0.496080 0.818593 0.272200 0.333234
0 0.245220 0.821198 0.264120 0.345329
0 0.057730 0.823772 0.115460 0.336707
0 0.901440 0.538024 0.197120 0.196826
0 0.697910 0.526796 0.212220 0.219281
0 0.496070 0.538877 0.191460 0.226198
0 0.309220 0.544925 0.193760 0.231347
0 0.110260 0.534566 0.201840 0.214102
0 0.806910 0.359326 0.162620 0.160569
0 0.932630 0.356722 0.116500 0.141587
0 0.240020 0.253982 0.110720 0.126048
0 0.370360 0.264356 0.117640 0.122605
0 0.494920 0.260898 0.110720 0.112216
0 0.618330 0.249671 0.124580 0.107066
0 0.746930 0.245359 0.123420 0.122575
0 0.869190 0.231542 0.123420 0.122605
0 0.961990 0.245359 0.076020 0.108802
0 0.031780 0.258308 0.056640 0.131228
