0 0.670528 0.830672 0.353557 0.338656
0 0.913528 0.828828 0.166990 0.331509
0 0.326183 0.844368 0.351253 0.283168
0 0.090825 0.842641 0.181650 0.310790
0 0.845003 0.536167 0.230333 0.395392
0 0.615825 0.548251 0.234937 0.364318
0 0.372248 0.539620 0.236090 0.357411
0 0.143645 0.529260 0.211903 0.357411
0 0.233475 0.284943 0.168143 0.272804
0 0.408527 0.272856 0.188873 0.238276
0 0.581852 0.265950 0.185417 0.258996
0 0.759780 0.259043 0.186567 0.221004
0 0.914678 0.265950 0.153170 0.255537
0 0.085643 0.282351 0.171287 0.271079
0 0.046330 0.107101 0.086373 0.113953
0 0.152858 0.115735 0.147410 0.151939
0 0.287602 0.108828 0.135897 0.141584
0 0.430408 0.101057 0.152017 0.119135
0 0.555363 0.089835 0.141653 0.110505
0 0.703925 0.101922 0.153170 0.117406
0 0.839245 0.094153 0.149717 0.101869
0 0.950717 0.081202 0.098567 0.117406
