0 0.748453 0.654479 0.288125 0.375542
0 0.546656 0.561677 0.182375 0.258979
0 0.921109 0.386135 0.145688 0.247479
0 0.894672 0.226417 0.129500 0.181292
0 0.750609 0.369583 0.193156 0.194250
0 0.751687 0.244417 0.147844 0.156833
0 0.626508 0.353760 0.132734 0.162604
0 0.662117 0.245844 0.100359 0.125188
0 0.579031 0.254479 0.085250 0.110792
0 0.518594 0.250885 0.057187 0.063313
0 0.520211 0.345854 0.103609 0.135250
0 0.457617 0.348000 0.118703 0.113667
0 0.466797 0.258073 0.061500 0.074813
0 0.436039 0.507000 0.157547 0.175542
0 0.359422 0.473906 0.131656 0.143896
0 0.309242 0.448729 0.100359 0.113667
0 0.468414 0.908438 0.187766 0.175542
0 0.239641 0.836500 0.274094 0.316542
0 0.182445 0.740813 0.207203 0.274833
0 0.146828 0.653042 0.159719 0.200000
0 0.107445 0.589740 0.132734 0.136687
