0 0.314763 0.532744 0.206042 0.307337
0 0.519650 0.536200 0.229067 0.328050
0 0.709579 0.536194 0.199142 0.303888
0 0.899508 0.536200 0.187633 0.314250
0 0.952346 0.329006 0.095308 0.151938
0 0.846562 0.329000 0.134675 0.186475
0 0.717637 0.322100 0.171508 0.158850
0 0.584117 0.332456 0.141583 0.165762
0 0.451742 0.335050 0.157700 0.191650
0 0.313613 0.339363 0.150792 0.141575
0 0.182388 0.334188 0.118558 0.158850
0 0.057492 0.337638 0.108200 0.148500
0 0.829871 0.833713 0.331508 0.332575
0 0.497204 0.834575 0.329208 0.330850
0 0.186417 0.827994 0.354533 0.338413
0 0.119079 0.531881 0.201442 0.264162
