0 0.844414 0.809119 0.252676 0.374681
0 0.732305 0.722793 0.194629 0.305615
0 0.625889 0.642504 0.207148 0.245185
0 0.552480 0.593289 0.153652 0.246904
0 0.492153 0.562215 0.135439 0.246919
0 0.418174 0.508689 0.126328 0.188193
0 0.432969 0.900674 0.162754 0.198652
0 0.300947 0.855785 0.217383 0.288430
0 0.249731 0.794444 0.180967 0.293511
0 0.211030 0.734874 0.155928 0.302163
0 0.141035 0.658904 0.170723 0.253807
0 0.108027 0.617467 0.136582 0.253807
0 0.939849 0.513867 0.120303 0.288356
0 0.843271 0.468111 0.186660 0.255541
0 0.774414 0.437896 0.153652 0.222726
0 0.702144 0.410274 0.125205 0.205467
0 0.621333 0.374874 0.093330 0.145037
0 0.558164 0.377467 0.083086 0.191644
0 0.501826 0.352430 0.091055 0.169215
0 0.442642 0.329985 0.097881 0.158844
0 0.386875 0.317896 0.075117 0.145037
0 0.331675 0.298037 0.071709 0.115689
0 0.286147 0.288548 0.055771 0.145037
0 0.233228 0.278185 0.063740 0.120874
0 0.172334 0.273867 0.069434 0.119141
0 0.120547 0.265237 0.070566 0.115689
0 0.065347 0.257467 0.060322 0.113956
0 0.029438 0.245378 0.052471 0.107052
0 0.308345 0.473296 0.111533 0.186474
0 0.253711 0.435311 0.111543 0.200281
0 0.206475 0.418904 0.083086 0.177837
0 0.160952 0.411141 0.089912 0.189926
0 0.101768 0.381778 0.092188 0.158844
0 0.051118 0.363652 0.081943 0.146770
0 0.043770 0.547541 0.087539 0.200296
0 0.968301 0.317037 0.063398 0.177837
0 0.888804 0.318756 0.097881 0.208919
0 0.809697 0.296311 0.092188 0.195111
0 0.744258 0.284230 0.079668 0.157111
0 0.671416 0.273867 0.075117 0.177837
0 0.611660 0.273000 0.067148 0.179570
0 0.550771 0.250563 0.066016 0.131230
0 0.488740 0.235022 0.058047 0.127763
0 0.438662 0.229837 0.062598 0.120859
0 0.393140 0.221207 0.060322 0.131215
0 0.331675 0.210844 0.048936 0.100148
0 0.283301 0.206533 0.054629 0.101867
0 0.231519 0.198756 0.055771 0.107052
0 0.182007 0.190126 0.052354 0.089793
0 0.127949 0.195311 0.053496 0.110504
0 0.073887 0.185815 0.066016 0.105319
0 0.031147 0.176311 0.049053 0.082874
0 0.918960 0.209119 0.069424 0.148489
0 0.854653 0.205667 0.063740 0.138119
0 0.780107 0.198763 0.069434 0.117407
0 0.721494 0.197896 0.059180 0.136415
0 0.660601 0.186674 0.051221 0.131215
0 0.607109 0.179763 0.046660 0.107052
0 0.548491 0.179770 0.059189 0.117407
0 0.507520 0.172000 0.050078 0.105333
0 0.458579 0.165096 0.043252 0.101867
0 0.408496 0.168548 0.050078 0.101867
0 0.356143 0.155593 0.054629 0.096696
0 0.306636 0.143504 0.046670 0.079422
0 0.258833 0.146096 0.053486 0.077704
0 0.209326 0.145237 0.050078 0.086326
0 0.156973 0.139193 0.050078 0.094978
0 0.114287 0.134881 0.058047 0.072519
0 0.058521 0.134007 0.051221 0.084607
0 0.017026 0.122785 0.034053 0.062163
0 0.971890 0.128837 0.052354 0.105319
0 0.916118 0.129696 0.072842 0.117407
0 0.853516 0.120200 0.066016 0.115689
0 0.798320 0.142652 0.062598 0.126044
