0 0.884292 0.291337 0.047950 0.054675
0 0.127942 0.774062 0.156350 0.294975
0 0.271825 0.745287 0.139083 0.234525
0 0.385967 0.716512 0.119900 0.214375
0 0.483808 0.707163 0.117983 0.221575
0 0.564392 0.690612 0.091117 0.211525
0 0.629617 0.675500 0.083467 0.198550
0 0.695325 0.665438 0.086317 0.169775
0 0.746167 0.656088 0.072900 0.151075
0 0.797483 0.653200 0.064267 0.174100
0 0.108758 0.502837 0.127583 0.215825
0 0.220983 0.501400 0.121833 0.198550
0 0.320742 0.501400 0.096883 0.175550
0 0.395083 0.499250 0.092100 0.168350
0 0.480933 0.502837 0.098800 0.164025
0 0.543767 0.504287 0.078667 0.152525
0 0.600842 0.497812 0.075783 0.130925
0 0.654550 0.504287 0.064267 0.138125
0 0.700600 0.501400 0.058500 0.123750
0 0.088608 0.314350 0.119917 0.175550
0 0.182617 0.331625 0.098800 0.181300
0 0.269900 0.343850 0.085367 0.159700
0 0.346167 0.353925 0.080567 0.168350
0 0.416667 0.353200 0.081533 0.135250
0 0.477100 0.358950 0.068100 0.129500
0 0.533692 0.374063 0.058517 0.110775
0 0.582133 0.371913 0.055633 0.117975
0 0.627225 0.381988 0.053717 0.112225
0 0.073258 0.188450 0.106483 0.133800
0 0.160075 0.208600 0.074817 0.142450
0 0.234408 0.214350 0.075783 0.116550
0 0.300600 0.220825 0.070033 0.123750
0 0.361992 0.240975 0.060417 0.118000
0 0.424825 0.262550 0.061383 0.103600
0 0.478542 0.271187 0.053717 0.094975
0 0.528425 0.276225 0.053717 0.087750
0 0.066550 0.086288 0.081533 0.099275
0 0.138967 0.099975 0.061400 0.103600
0 0.209958 0.136650 0.067150 0.128050
0 0.268467 0.147450 0.049867 0.094950
0 0.334167 0.157525 0.064267 0.089200
0 0.383092 0.167588 0.048917 0.071925
0 0.430575 0.176950 0.046050 0.076250
0 0.787892 0.240250 0.041250 0.059000
0 0.821467 0.240975 0.033567 0.046050
0 0.807075 0.285575 0.048917 0.051800
0 0.857442 0.246737 0.032617 0.048925
0 0.846400 0.288462 0.039333 0.060425
0 0.878542 0.352475 0.053717 0.059000
0 0.913550 0.346013 0.039333 0.063325
0 0.904433 0.416513 0.055633 0.086325
0 0.955758 0.422262 0.056583 0.094975
0 0.962467 0.348162 0.050833 0.061875
