0 0.215663 0.196122 0.101545 0.041444
0 0.357218 0.719283 0.624653 0.345322
0 0.543386 0.613961 0.400040 0.248633
0 0.671079 0.542306 0.360020 0.208922
0 0.775703 0.515550 0.255406 0.186478
0 0.844950 0.479283 0.233861 0.151944
0 0.191050 0.830289 0.378495 0.339422
0 0.110139 0.430083 0.220277 0.174389
0 0.251059 0.405044 0.270792 0.176111
0 0.394139 0.396411 0.236950 0.131222
0 0.497228 0.375689 0.196950 0.131222
0 0.595693 0.367056 0.178475 0.103600
0 0.677238 0.352378 0.200020 0.108778
0 0.152594 0.250511 0.184634 0.084600
0 0.266446 0.252233 0.166158 0.091511
0 0.344911 0.247061 0.132317 0.077700
0 0.423376 0.257417 0.092297 0.060433
0 0.146436 0.204756 0.135406 0.055244
