0 0.898233 0.605233 0.203533 0.452367
0 0.222694 0.624225 0.445389 0.673383
0 0.437906 0.447250 0.293522 0.426467
0 0.541506 0.352275 0.219856 0.329783
0 0.626683 0.298758 0.166900 0.271083
0 0.675028 0.268542 0.116256 0.238283
0 0.717039 0.234875 0.117411 0.198550
0 0.875211 0.751133 0.249578 0.495533
0 0.916178 0.471417 0.145044 0.315967
0 0.135789 0.187392 0.271578 0.345317
0 0.276756 0.154583 0.224467 0.265900
0 0.387256 0.134733 0.164600 0.229633
0 0.471867 0.124367 0.142733 0.177833
0 0.532294 0.120917 0.097833 0.146767
0 0.615744 0.103650 0.080578 0.112233
