0 0.920406 0.907546 0.159189 0.184908
0 0.702911 0.898915 0.266600 0.202170
0 0.452967 0.906678 0.244778 0.186644
0 0.200150 0.910134 0.217189 0.179733
0 0.034861 0.898915 0.069722 0.202170
0 0.890528 0.713222 0.218944 0.210651
0 0.685667 0.711494 0.227533 0.224457
0 0.465033 0.708038 0.218333 0.210634
0 0.248989 0.711494 0.236733 0.231369
0 0.077956 0.724441 0.155911 0.212387
0 0.952583 0.550050 0.094833 0.150217
0 0.836789 0.553506 0.198800 0.177830
0 0.647750 0.550058 0.188456 0.170935
0 0.473078 0.551778 0.195356 0.160584
0 0.285189 0.548331 0.194200 0.167479
0 0.106494 0.550918 0.174678 0.172654
0 0.938789 0.430910 0.122422 0.129499
0 0.800583 0.434366 0.165478 0.153673
0 0.638556 0.431778 0.176978 0.155409
0 0.485717 0.428331 0.165478 0.145042
0 0.322539 0.430050 0.160878 0.151953
0 0.165106 0.430058 0.149389 0.183022
0 0.045206 0.422287 0.090411 0.143306
0 0.894244 0.340267 0.136756 0.107045
0 0.754044 0.340267 0.155133 0.107045
0 0.623617 0.341987 0.137900 0.113957
0 0.477094 0.341127 0.145944 0.122588
0 0.340344 0.341995 0.143644 0.127763
0 0.198428 0.338539 0.147100 0.127763
0 0.074322 0.340267 0.135600 0.127780
0 0.954306 0.268614 0.091389 0.101870
0 0.858044 0.272070 0.135600 0.112220
0 0.724744 0.262571 0.133311 0.107045
0 0.615000 0.272930 0.143644 0.086327
0 0.486294 0.273798 0.129856 0.122588
0 0.361606 0.273790 0.142500 0.119132
0 0.232328 0.266886 0.127567 0.105326
0 0.108217 0.267746 0.122967 0.113957
0 0.022222 0.259115 0.044444 0.100134
0 0.931017 0.210768 0.113767 0.079432
0 0.817250 0.207321 0.113767 0.093239
0 0.707506 0.206461 0.117211 0.101870
0 0.601783 0.213356 0.112611 0.108781
0 0.482850 0.205593 0.113767 0.089783
0 0.371956 0.205593 0.135600 0.103606
0 0.259333 0.205593 0.114911 0.096694
0 0.144417 0.198689 0.114922 0.086327
0 0.049039 0.205593 0.094233 0.086344
0 0.078344 0.155518 0.095378 0.082888
0 0.184639 0.161561 0.114922 0.112237
0 0.273122 0.153790 0.112622 0.079432
0 0.378272 0.147755 0.109167 0.088063
0 0.486294 0.152930 0.102278 0.094975
0 0.588567 0.152930 0.102267 0.084591
0 0.685672 0.151202 0.117211 0.091519
0 0.791394 0.152062 0.110322 0.093239
0 0.895394 0.157245 0.104567 0.062170
0 0.973839 0.155518 0.052322 0.079416
0 0.066278 0.098539 0.080444 0.082888
0 0.158211 0.101995 0.091933 0.075977
0 0.228306 0.097679 0.073544 0.070785
0 0.313917 0.101135 0.081589 0.067346
0 0.398956 0.099407 0.079289 0.070801
0 0.488017 0.101995 0.087344 0.058715
0 0.570756 0.094224 0.078133 0.063873
0 0.657517 0.100275 0.088478 0.069065
0 0.736811 0.103723 0.088489 0.079432
0 0.829317 0.101135 0.089633 0.067346
0 0.908033 0.107179 0.088489 0.082871
