0 0.230783 0.198620 0.166087 0.157160
0 0.340109 0.164080 0.112609 0.098400
0 0.443326 0.153720 0.103217 0.112240
0 0.524022 0.126980 0.088217 0.093240
0 0.807413 0.423940 0.176435 0.504200
0 0.897033 0.337620 0.134196 0.404040
0 0.168848 0.463640 0.263696 0.417840
0 0.374815 0.265960 0.197065 0.126080
0 0.500565 0.227980 0.122000 0.170920
0 0.676511 0.535300 0.241152 0.609480
0 0.605663 0.196900 0.108848 0.101880
0 0.685424 0.174460 0.090065 0.105320
0 0.074543 0.256460 0.148261 0.214120
0 0.448957 0.638900 0.373478 0.706200
