0 0.742939 0.702475 0.339567 0.595050
0 0.531717 0.552567 0.230211 0.402300
0 0.400500 0.461925 0.154244 0.307350
0 0.324522 0.401492 0.138133 0.255550
0 0.259489 0.348833 0.116267 0.177833
0 0.806250 0.347100 0.212944 0.281433
0 0.659489 0.316025 0.170356 0.236550
0 0.554167 0.287533 0.120867 0.196833
0 0.470139 0.254725 0.084033 0.148483
0 0.843661 0.204658 0.122011 0.189917
0 0.731433 0.195158 0.120867 0.177850
0 0.631867 0.177892 0.080578 0.122583
0 0.567978 0.170125 0.058711 0.103583
0 0.421217 0.253867 0.036833 0.157133
0 0.368267 0.240917 0.062156 0.145033
0 0.332583 0.218467 0.041433 0.117400
0 0.509850 0.164942 0.066767 0.100150
0 0.466683 0.154592 0.054100 0.072517
