0 0.206365 0.733103 0.307490 0.343598
0 0.385445 0.651957 0.267190 0.353958
0 0.522495 0.584610 0.216510 0.295247
0 0.620960 0.534543 0.183120 0.233103
0 0.701000 0.493103 0.165840 0.208936
0 0.761460 0.457706 0.134740 0.186477
0 0.817320 0.427496 0.112860 0.157121
0 0.692940 0.845337 0.248760 0.302159
0 0.801770 0.785765 0.217660 0.331499
0 0.868565 0.694258 0.185410 0.286627
0 0.926150 0.626057 0.143960 0.240000
0 0.902535 0.405907 0.103650 0.145037
0 0.929030 0.374828 0.096740 0.127766
0 0.162025 0.454258 0.209610 0.214093
0 0.287555 0.417999 0.177350 0.193388
0 0.399270 0.396409 0.138200 0.191649
0 0.481610 0.376559 0.104800 0.183013
0 0.562800 0.342886 0.122080 0.160585
0 0.628445 0.341162 0.103650 0.129490
0 0.684300 0.323036 0.086380 0.113958
0 0.732670 0.317849 0.088680 0.138126
0 0.775280 0.300585 0.072560 0.096702
0 0.030340 0.340292 0.060680 0.196837
0 0.125745 0.313531 0.166990 0.212369
0 0.238610 0.297129 0.130140 0.162294
0 0.323830 0.276409 0.104800 0.155397
0 0.403870 0.266057 0.096740 0.127766
0 0.478730 0.260007 0.092140 0.105322
0 0.535160 0.246199 0.080620 0.108771
0 0.597350 0.246199 0.069100 0.101874
0 0.641690 0.234108 0.049520 0.091514
0 0.524795 0.179723 0.066790 0.079415
0 0.466065 0.169363 0.062190 0.072519
0 0.422875 0.195255 0.070250 0.113958
0 0.347440 0.185765 0.069100 0.112219
0 0.277190 0.190945 0.073700 0.122579
0 0.197150 0.204760 0.116320 0.139865
0 0.100415 0.204760 0.111710 0.167481
0 0.026705 0.215112 0.051830 0.157121
0 0.878930 0.297129 0.077160 0.113958
0 0.909450 0.282451 0.066800 0.105322
0 0.757430 0.240157 0.071400 0.089790
0 0.787375 0.239288 0.052970 0.101874
0 0.649750 0.185765 0.067940 0.084603
0 0.692940 0.190082 0.055280 0.086342
0 0.599655 0.145195 0.043770 0.075967
0 0.562225 0.146057 0.063350 0.074243
0 0.478730 0.102024 0.043760 0.069055
0 0.515585 0.102886 0.046070 0.084603
0 0.403870 0.066627 0.043760 0.088066
0 0.447060 0.071807 0.056440 0.077706
0 0.459155 0.893748 0.232630 0.212504
