0 0.184660 0.777642 0.366780 0.444716
0 0.480500 0.724491 0.317180 0.459281
0 0.681190 0.665786 0.268740 0.473099
0 0.823055 0.593271 0.227210 0.348787
0 0.907780 0.538024 0.184440 0.276257
0 0.118915 0.360172 0.232990 0.262440
0 0.308650 0.346362 0.222600 0.241737
0 0.465510 0.340314 0.201840 0.198563
0 0.595260 0.336864 0.149940 0.191662
0 0.692720 0.336003 0.146480 0.169222
0 0.771150 0.332552 0.111880 0.155404
0 0.834590 0.341183 0.125720 0.162305
0 0.898025 0.334274 0.114190 0.145045
0 0.089505 0.158159 0.176470 0.172665
0 0.245785 0.181467 0.173010 0.198563
0 0.370350 0.180606 0.136100 0.158847
0 0.475885 0.203915 0.123410 0.160584
0 0.564120 0.206504 0.103800 0.124326
0 0.646010 0.216003 0.108420 0.136407
0 0.709450 0.222912 0.101500 0.129506
0 0.774610 0.223772 0.111880 0.124311
