0 0.726361 0.496543 0.094961 0.134674
0 0.785065 0.487917 0.094974 0.138125
0 0.840313 0.462012 0.084609 0.124310
0 0.896432 0.447337 0.096693 0.126055
0 0.223053 0.496549 0.145039 0.172656
0 0.314564 0.465462 0.117409 0.162305
0 0.406068 0.444746 0.131224 0.151940
0 0.482904 0.429212 0.098411 0.117409
0 0.555423 0.411940 0.098424 0.124323
0 0.619310 0.401582 0.074245 0.113945
0 0.677148 0.386042 0.075964 0.096693
0 0.735859 0.371367 0.062161 0.088047
0 0.788516 0.361875 0.074245 0.079427
0 0.148802 0.389492 0.120859 0.148490
0 0.236868 0.355827 0.100143 0.098424
0 0.327507 0.351510 0.122591 0.117422
0 0.400026 0.330794 0.091510 0.079427
0 0.463047 0.328203 0.079427 0.098411
0 0.533841 0.311803 0.089792 0.100143
0 0.594271 0.300579 0.086328 0.088060
0 0.651257 0.300573 0.065612 0.098411
0 0.703053 0.288490 0.075977 0.077708
0 0.088372 0.294531 0.148490 0.134688
0 0.173841 0.266908 0.091510 0.082878
0 0.248086 0.258275 0.094974 0.093242
0 0.324922 0.253958 0.079427 0.084609
0 0.387083 0.242734 0.086328 0.086328
0 0.455286 0.228919 0.091510 0.075964
0 0.513118 0.226335 0.082878 0.070794
0 0.577005 0.226328 0.086328 0.074245
0 0.619310 0.220286 0.067344 0.058698
0 0.851543 0.951510 0.110508 0.074245
0 0.936126 0.929570 0.127747 0.140859
0 0.424199 0.765898 0.157122 0.193385
0 0.530391 0.717559 0.131224 0.162305
0 0.622760 0.684746 0.119141 0.155404
0 0.695280 0.649355 0.105326 0.150221
0 0.775566 0.610501 0.120872 0.093242
0 0.835137 0.599277 0.112227 0.132956
0 0.897292 0.582012 0.101875 0.139857
0 0.949095 0.553522 0.088060 0.124310
0 0.311966 0.625182 0.136406 0.181302
0 0.420749 0.582878 0.105326 0.148490
0 0.495859 0.560430 0.096693 0.158854
0 0.582187 0.540573 0.107057 0.146771
0 0.649525 0.509492 0.107044 0.126042
