0 0.571309 0.230781 0.076732 0.075547
0 0.682220 0.387253 0.080326 0.107917
0 0.894453 0.575508 0.087526 0.143880
0 0.951120 0.553926 0.097760 0.124701
0 0.324902 0.610280 0.152279 0.148685
0 0.414232 0.589896 0.117500 0.146276
0 0.507161 0.565319 0.106719 0.154674
0 0.580905 0.537734 0.091133 0.135495
0 0.661836 0.517350 0.106719 0.118711
0 0.714596 0.498171 0.085130 0.121107
0 0.784141 0.478984 0.085130 0.111510
0 0.836895 0.455599 0.075534 0.091120
0 0.889648 0.449004 0.082734 0.099518
0 0.221790 0.496966 0.142695 0.161875
0 0.327305 0.469388 0.123490 0.142682
0 0.406439 0.450208 0.118711 0.130703
0 0.492174 0.432819 0.119896 0.127096
0 0.555124 0.412435 0.099518 0.119896
0 0.619271 0.394447 0.093516 0.119909
0 0.431973 0.759857 0.158841 0.188203
0 0.525143 0.722988 0.135495 0.165456
0 0.616875 0.680423 0.139089 0.123503
0 0.705000 0.664232 0.113906 0.172656
0 0.769746 0.630658 0.099518 0.153477
0 0.838092 0.606081 0.101914 0.142682
0 0.737975 0.381862 0.071940 0.111510
0 0.787734 0.363874 0.073151 0.106706
0 0.149850 0.377663 0.123503 0.131888
0 0.243971 0.362077 0.095911 0.115117
0 0.323704 0.355482 0.089935 0.116302
0 0.401641 0.338698 0.106719 0.113906
0 0.472988 0.333900 0.091133 0.109102
0 0.535938 0.314714 0.097109 0.087526
0 0.596484 0.308118 0.083932 0.093529
0 0.650443 0.302122 0.083932 0.088724
0 0.703203 0.293132 0.086328 0.082721
0 0.089290 0.301523 0.124701 0.137891
0 0.176823 0.276348 0.107917 0.097122
0 0.253561 0.270345 0.100716 0.099518
0 0.326706 0.253568 0.105521 0.087526
0 0.393249 0.245169 0.099518 0.099531
0 0.456797 0.243971 0.087526 0.077943
0 0.520352 0.238581 0.082734 0.081536
0 0.625866 0.225384 0.075534 0.079128
