0 0.619271 0.399245 0.091120 0.115104
0 0.679225 0.386055 0.091133 0.110313
0 0.556921 0.419030 0.100716 0.113919
0 0.427422 0.776947 0.160677 0.213424
0 0.537734 0.725384 0.158281 0.160664
0 0.620469 0.685820 0.122292 0.170260
0 0.706198 0.652246 0.135495 0.158268
0 0.776947 0.630059 0.118711 0.147487
0 0.832702 0.596484 0.091133 0.137891
0 0.886654 0.576107 0.086328 0.142682
0 0.949603 0.555124 0.073138 0.119909
0 0.979297 0.533542 0.041406 0.103125
0 0.856081 0.953822 0.099531 0.092357
0 0.943926 0.932839 0.112148 0.134323
0 0.316517 0.618672 0.152279 0.184661
0 0.424427 0.590495 0.133099 0.171458
0 0.505358 0.569512 0.129492 0.158268
0 0.579707 0.541934 0.093529 0.141497
0 0.651042 0.521549 0.116302 0.127109
0 0.715794 0.493965 0.087526 0.124701
0 0.781745 0.470586 0.082734 0.113906
0 0.832695 0.459798 0.081536 0.113919
0 0.888451 0.444811 0.080339 0.103112
0 0.224785 0.492174 0.155872 0.142682
0 0.324902 0.468789 0.125898 0.134297
0 0.411237 0.450807 0.111510 0.143880
0 0.487982 0.432819 0.111510 0.119909
0 0.733177 0.373464 0.091120 0.109115
0 0.791934 0.363874 0.074336 0.094727
0 0.153444 0.378861 0.142695 0.131888
0 0.242773 0.363874 0.119896 0.106706
0 0.331497 0.348288 0.110312 0.121107
0 0.398652 0.336302 0.095924 0.111510
0 0.469993 0.325508 0.097122 0.092318
0 0.540736 0.317715 0.106706 0.098320
0 0.604883 0.304525 0.091120 0.098320
0 0.649850 0.299128 0.073138 0.075547
0 0.701406 0.290137 0.063542 0.076732
0 0.088698 0.296725 0.130703 0.121107
0 0.174427 0.272747 0.107917 0.118698
0 0.247565 0.260762 0.079141 0.101914
0 0.329102 0.264355 0.110313 0.101914
0 0.388457 0.246374 0.106706 0.094727
0 0.458001 0.240378 0.087539 0.085130
0 0.508958 0.232578 0.083932 0.081536
0 0.565319 0.228385 0.069544 0.077943
0 0.623464 0.228984 0.077943 0.076745
