0 0.204609 0.878423 0.191889 0.243155
0 0.130928 0.819436 0.140065 0.274819
0 0.064943 0.751816 0.126303 0.228784
0 0.698489 0.835991 0.225888 0.325181
0 0.514699 0.779870 0.177313 0.325181
0 0.394471 0.695695 0.155456 0.257554
0 0.305814 0.650376 0.135212 0.221592
0 0.225252 0.600014 0.113355 0.198553
0 0.175863 0.565485 0.095537 0.187062
0 0.114739 0.533111 0.104446 0.156845
0 0.832085 0.630955 0.180554 0.306483
0 0.665297 0.565485 0.140073 0.241737
0 0.532512 0.531671 0.130350 0.214399
0 0.445476 0.501454 0.134406 0.162590
0 0.356014 0.469805 0.122256 0.153965
0 0.301767 0.453973 0.081775 0.130926
0 0.244682 0.441027 0.064772 0.130941
0 0.917903 0.442460 0.156262 0.228770
0 0.766502 0.407931 0.156262 0.159711
0 0.648294 0.400738 0.109308 0.168336
0 0.540611 0.380593 0.096352 0.128046
0 0.463693 0.383466 0.106067 0.148205
0 0.399731 0.367641 0.083388 0.119421
0 0.354389 0.359009 0.073681 0.116541
0 0.289617 0.350376 0.078534 0.107902
0 0.849894 0.314407 0.117394 0.174110
0 0.718734 0.301454 0.099585 0.136686
0 0.900497 0.228792 0.095537 0.172663
0 0.960371 0.287069 0.079259 0.148205
0 0.788766 0.230232 0.079340 0.138119
0 0.630077 0.297858 0.069634 0.115109
0 0.549515 0.295702 0.052630 0.105036
0 0.490411 0.294262 0.063966 0.079146
0 0.432928 0.287069 0.051002 0.067627
0 0.703750 0.238864 0.074487 0.140999
0 0.623599 0.239588 0.076107 0.128061
0 0.452357 0.251816 0.049389 0.092084
