0 0.397855 0.258388 0.172436 0.227814
0 0.080073 0.287760 0.160145 0.276940
0 0.913982 0.832732 0.172036 0.333333
0 0.676327 0.840820 0.333455 0.318361
0 0.330455 0.843825 0.326436 0.312350
0 0.079509 0.838716 0.158073 0.318962
0 0.160527 0.549153 0.236982 0.389672
0 0.393873 0.538361 0.236255 0.382514
0 0.624127 0.532350 0.235382 0.344153
0 0.239127 0.269781 0.162764 0.243388
0 0.851927 0.522760 0.223418 0.341694
0 0.751782 0.259590 0.160364 0.261366
0 0.920091 0.269153 0.130000 0.235027
0 0.581782 0.263169 0.192218 0.261421
